70,120,211.48
70,119,16.34
70,118,13.06
70,117,17.16
70,116,46.04
70,115,41.12
70,114,42.74
70,113,44.6
70,112,46.42
70,111,46.96
70,110,49.1
70,109,45.02
70,108,46.88
70,107,48.9
70,106,47.88
70,105,49.04
70,104,47.12
70,103,46.86
70,102,42.92
70,101,47.08
70,100,36.94
70,99,51.64
70,98,60.46
70,97,17.36
70,96,60.44
70,95,63.4
70,94,57.76
70,93,54.4
70,92,57.24
70,91,49.84
70,90,37.68
70,89,41.58
70,88,42.46
70,87,42.38
70,86,47.64
70,85,42.72
70,84,38.84
70,83,45.82
70,82,38.62
70,81,34.8
70,80,35.56
70,79,33.12
70,78,42.9
70,77,49.24
70,76,65.36
70,75,95.9
70,74,122.38
70,73,126.24
70,72,132.7
70,71,122.6
70,70,109.84
70,69,94.34
70,68,61.96
70,67,47.84
70,66,41.86
70,65,32.76
70,64,34.68
70,63,41.08
70,62,47.6
70,61,41.38
71,60,44.76
71,61,43.28
71,62,39.96
71,63,41.16
71,64,42.74
71,65,37.14
71,66,31.26
71,67,28.88
71,68,33.24
71,69,51.5
71,70,65.46
71,71,90.56
71,72,113.64
71,73,121.1
71,74,126.52
71,75,129.1
71,76,117.56
71,77,98.88
71,78,72.38
71,79,49.56
71,80,46.52
71,81,39.22
71,82,38.96
71,83,50.9
71,84,40.48
71,85,33.94
71,86,36.46
71,87,43.14
71,88,37.2
71,89,45.4
71,90,39.06
71,91,38.4
71,92,48.18
71,93,55.54
71,94,64.74
71,95,48.18
71,96,64.32
71,97,53.68
71,98,49.02
71,99,37.66
71,100,53.64
71,101,48.72
71,102,31.98
71,103,40.32
71,104,44.32
71,105,48.46
71,106,48.26
71,107,48.38
71,108,51.24
71,109,48.86
71,110,46.84
71,111,47.26
71,112,52.98
71,113,48.88
71,114,47.76
71,115,45.4
71,116,45.12
71,117,45.08
71,118,41.3
71,119,28.04
72,120,4.54
72,119,15.4
72,118,24.5
72,117,5.1
72,116,25.38
72,115,29.56
72,114,36.08
72,113,41.16
72,112,53.08
72,111,51.44
72,110,56.64
72,109,46.5
72,108,47.42
72,107,49.14
72,106,45.16
72,105,43.28
72,104,42.88
72,103,44.26
72,102,46.7
72,101,39.72
72,100,32.32
72,99,43.24
72,98,53.54
72,97,41.64
72,96,75.42
72,95,69.46
72,94,63.3
72,93,56.88
72,92,58.26
72,91,44.68
72,90,43.7
72,89,45.66
72,88,43.56
72,87,39.08
72,86,45.02
72,85,37.64
72,84,39.38
72,83,44.98
72,82,42.52
72,81,37.14
72,80,41.16
72,79,39.74
72,78,37.7
72,77,58.3
72,76,85.54
72,75,118.62
72,74,153.92
72,73,168.24
72,72,161.46
72,71,150.34
72,70,152.8
72,69,126.5
72,68,85.16
72,67,46.2
72,66,47.04
72,65,29.8
72,64,33.48
72,63,43.56
72,62,41.46
72,61,41.58
73,60,40.18
73,61,38.78
73,62,44.46
73,63,50.62
73,64,43.76
73,65,46.72
73,66,30.62
73,67,34.14
73,68,39.4
73,69,58.28
73,70,99.2
73,71,175.38
73,72,215.32
73,73,225.98
73,74,228.5
73,75,228.3
73,76,226.6
73,77,205.72
73,78,100.06
73,79,53.16
73,80,43.04
73,81,32.92
73,82,33.34
73,83,32.14
73,84,43.96
73,85,42.94
73,86,45.02
73,87,45.12
73,88,53.06
73,89,47.74
73,90,53.3
73,91,45.2
73,92,47.3
73,93,43.62
73,94,43.96
73,95,55.86
73,96,84.18
73,97,80.02
73,98,82.3
73,99,84.96
73,100,64.4
73,101,42.48
73,102,31.76
73,103,41.06
73,104,41.44
73,105,47.72
73,106,43.64
73,107,47.38
73,108,43.86
73,109,48.02
73,110,48.84
73,111,47.6
73,112,47.66
73,113,73.98
73,114,82.32
73,115,83.56
73,116,50.62
73,117,46.4
73,118,8.4
73,119,3.56
74,120,4.96
74,119,41.58
74,118,17.32
74,117,3.5
74,116,3.62
74,115,45.2
74,114,67.64
74,113,59.14
74,112,31.26
74,111,31.76
74,110,44.58
74,109,46.1
74,108,48.02
74,107,47.38
74,106,45.28
74,105,42.48
74,104,46.62
74,103,44.78
74,102,39.76
74,101,35.26
74,100,31.06
74,99,43.64
74,98,77.76
74,97,110.3
74,96,98.06
74,95,84.42
74,94,70.32
74,93,54.92
74,92,45.52
74,91,47.6
74,90,49.14
74,89,49.18
74,88,53.34
74,87,59.42
74,86,54.28
74,85,51.18
74,84,52.22
74,83,47.38
74,82,46.84
74,81,38.34
74,80,35.62
74,79,38.08
74,78,41.1
74,77,58.82
74,76,106.46
74,75,173.68
74,74,209.18
74,73,213.9
74,72,217.26
74,71,220.86
74,70,218.66
74,69,209.46
74,68,147.9
74,67,60.12
74,66,41.7
74,65,37.26
74,64,35.06
74,63,44.5
74,62,50.06
74,61,41.28
75,60,42.82
75,61,41.42
75,62,38.8
75,63,46.94
75,64,51.26
75,65,42.42
75,66,31.42
75,67,32.96
75,68,41.7
75,69,74.0
75,70,148.28
75,71,184.46
75,72,194.04
75,73,194.5
75,74,194.22
75,75,194.22
75,76,191.08
75,77,182.32
75,78,128.6
75,79,60.34
75,80,42.66
75,81,39.82
75,82,35.16
75,83,36.66
75,84,47.72
75,85,51.44
75,86,56.18
75,87,66.78
75,88,71.58
75,89,71.32
75,90,69.06
75,91,66.5
75,92,60.14
75,93,46.22
75,94,49.14
75,95,43.18
75,96,50.62
75,97,51.36
75,98,75.78
75,99,106.88
75,100,108.12
75,101,80.4
75,102,41.92
75,103,35.1
75,104,34.48
75,105,37.18
75,106,36.44
75,107,40.8
75,108,37.1
75,109,38.96
75,110,41.06
75,111,39.38
75,112,44.6
75,113,21.1
75,114,13.2
75,115,17.56
75,116,49.18
75,117,63.86
75,118,43.82
75,119,3.72
76,120,36.1
76,119,70.5
76,118,62.3
76,117,3.96
76,116,12.02
76,115,36.22
76,114,21.28
76,113,35.3
76,112,54.94
76,111,61.82
76,110,71.38
76,109,72.02
76,108,72.32
76,107,70.34
76,106,68.9
76,105,64.08
76,104,65.08
76,103,66.46
76,102,68.06
76,101,64.4
76,100,62.38
76,99,59.14
76,98,55.06
76,97,58.42
76,96,49.8
76,95,37.16
76,94,34.6
76,93,37.66
76,92,49.7
76,91,68.92
76,90,87.26
76,89,94.42
76,88,106.12
76,87,109.72
76,86,113.42
76,85,110.22
76,84,93.24
76,83,80.86
76,82,56.42
76,81,40.62
76,80,33.34
76,79,33.16
76,78,35.44
76,77,48.6
76,76,95.04
76,75,166.96
76,74,186.04
76,73,186.22
76,72,186.28
76,71,184.08
76,70,182.56
76,69,181.1
76,68,152.0
76,67,95.08
76,66,44.82
76,65,38.82
76,64,34.44
76,63,24.58
76,62,41.14
76,61,52.42
77,60,41.58
77,61,43.22
77,62,39.72
77,63,48.22
77,64,47.5
77,65,28.04
77,66,35.7
77,67,39.42
77,68,50.48
77,69,89.86
77,70,150.06
77,71,178.4
77,72,181.68
77,73,182.34
77,74,186.6
77,75,186.18
77,76,185.34
77,77,173.84
77,78,92.96
77,79,48.72
77,80,42.3
77,81,33.42
77,82,34.92
77,83,38.52
77,84,55.32
77,85,81.1
77,86,100.56
77,87,114.86
77,88,126.9
77,89,123.98
77,90,118.1
77,91,108.18
77,92,93.92
77,93,73.22
77,94,52.9
77,95,36.6
77,96,33.12
77,97,37.02
77,98,38.46
77,99,43.04
77,100,44.94
77,101,46.64
77,102,44.84
77,103,53.26
77,104,50.62
77,105,50.44
77,106,50.48
77,107,56.92
77,108,53.08
77,109,60.72
77,110,66.2
77,111,64.76
77,112,66.62
77,113,67.42
77,114,53.18
77,115,43.32
77,116,21.94
77,117,28.04
77,118,29.18
77,119,19.1
78,120,180.7
78,119,264.12
78,118,262.62
78,117,181.0
78,116,130.6
78,115,78.06
78,114,35.42
78,113,56.08
78,112,63.18
78,111,53.3
78,110,65.66
78,109,70.56
78,108,64.72
78,107,42.56
78,106,32.84
78,105,25.8
78,104,24.56
78,103,16.46
78,102,16.02
78,101,14.92
78,100,13.1
78,99,19.06
78,98,11.42
78,97,7.98
78,96,10.9
78,95,13.16
78,94,19.06
78,93,23.24
78,92,80.44
78,91,159.64
78,90,218.58
78,89,232.38
78,88,232.32
78,87,235.64
78,86,239.74
78,85,242.66
78,84,234.46
78,83,217.64
78,82,124.8
78,81,59.72
78,80,27.1
78,79,18.34
78,78,25.44
78,77,43.14
78,76,95.42
78,75,164.5
78,74,182.78
78,73,186.36
78,72,184.58
78,71,182.34
78,70,181.36
78,69,177.3
78,68,153.28
78,67,79.64
78,66,45.2
78,65,36.6
78,64,44.56
78,63,32.54
78,62,35.54
78,61,47.76
79,60,45.1
79,61,39.6
79,62,43.72
79,63,42.92
79,64,33.26
79,65,36.38
79,66,43.0
79,67,50.68
79,68,60.96
79,69,78.52
79,70,142.66
79,71,179.0
79,72,182.48
79,73,182.04
79,74,182.64
79,75,186.44
79,76,185.32
79,77,171.5
79,78,106.88
79,79,39.84
79,80,24.36
79,81,15.46
79,82,30.98
79,83,51.1
79,84,154.36
79,85,217.7
79,86,224.9
79,87,224.66
79,88,224.76
79,89,228.52
79,90,232.24
79,91,229.86
79,92,216.44
79,93,189.02
79,94,142.36
79,95,38.12
79,96,14.72
79,97,11.66
79,98,16.18
79,99,16.04
79,100,10.62
79,101,16.84
79,102,13.4
79,103,9.46
79,104,27.0
79,105,29.54
79,106,34.84
79,107,45.42
79,108,75.48
79,109,107.0
79,110,150.2
79,111,165.52
79,112,157.0
79,113,113.72
79,114,103.04
79,115,105.22
79,116,108.92
79,117,167.28
79,118,214.22
79,119,295.96
80,120,329.52
80,119,308.72
80,118,308.84
80,117,335.3
80,116,349.82
80,115,292.58
80,114,170.6
80,113,124.96
80,112,181.92
80,111,221.4
80,110,300.08
80,109,320.96
80,108,316.5
80,107,234.82
80,106,158.66
80,105,89.54
80,104,63.06
80,103,32.68
80,102,10.48
80,101,4.78
80,100,3.92
80,99,5.28
80,98,3.78
80,97,4.36
80,96,4.34
80,95,3.66
80,94,3.86
80,93,15.44
80,92,130.76
80,91,201.98
80,90,208.04
80,89,214.38
80,88,221.12
80,87,219.68
80,86,211.48
80,85,205.46
80,84,205.56
80,83,205.04
80,82,180.06
80,81,74.26
80,80,27.76
80,79,31.18
80,78,30.52
80,77,61.64
80,76,80.56
80,75,157.52
80,74,182.46
80,73,182.6
80,72,182.66
80,71,181.32
80,70,181.34
80,69,179.92
80,68,156.96
80,67,88.68
80,66,49.26
80,65,39.68
80,64,40.88
80,63,34.34
80,62,36.36
80,61,41.0
81,60,43.68
81,61,42.26
81,62,45.02
81,63,43.72
81,64,31.6
81,65,43.4
81,66,38.06
81,67,42.5
81,68,48.12
81,69,89.02
81,70,146.42
81,71,172.22
81,72,177.28
81,73,181.64
81,74,181.64
81,75,182.64
81,76,182.1
81,77,168.62
81,78,67.64
81,79,51.64
81,80,34.02
81,81,31.88
81,82,34.88
81,83,70.02
81,84,168.82
81,85,201.76
81,86,201.72
81,87,201.76
81,88,205.56
81,89,205.44
81,90,205.38
81,91,205.56
81,92,201.12
81,93,195.34
81,94,144.22
81,95,23.32
81,96,7.74
81,97,9.04
81,98,12.22
81,99,14.88
81,100,8.58
81,101,10.88
81,102,3.62
81,103,4.74
81,104,37.16
81,105,79.64
81,106,138.88
81,107,188.92
81,108,301.66
81,109,321.48
81,110,294.42
81,111,274.48
81,112,274.64
81,113,278.48
81,114,283.52
81,115,235.62
81,116,287.22
81,117,330.66
81,118,298.42
81,119,274.24
82,120,246.72
82,119,244.32
82,118,244.58
82,117,245.58
82,116,249.86
82,115,266.38
82,114,297.06
82,113,317.08
82,112,263.6
82,111,241.32
82,110,232.2
82,109,232.18
82,108,239.56
82,107,272.28
82,106,310.36
82,105,326.86
82,104,254.36
82,103,180.04
82,102,93.04
82,101,49.5
82,100,5.12
82,99,6.98
82,98,15.28
82,97,26.1
82,96,31.82
82,95,21.86
82,94,17.76
82,93,39.66
82,92,84.18
82,91,178.02
82,90,189.64
82,89,201.34
82,88,201.52
82,87,203.74
82,86,201.64
82,85,201.56
82,84,197.82
82,83,198.26
82,82,188.2
82,81,74.26
82,80,30.08
82,79,29.26
82,78,32.92
82,77,40.16
82,76,61.24
82,75,138.84
82,74,179.44
82,73,182.24
82,72,182.12
82,71,180.44
82,70,177.34
82,69,175.26
82,68,143.64
82,67,74.94
82,66,41.18
82,65,41.88
82,64,35.98
82,63,33.12
82,62,35.08
82,61,33.38
83,60,42.62
83,61,41.46
83,62,38.84
83,63,37.22
83,64,30.86
83,65,37.34
83,66,41.1
83,67,43.58
83,68,42.58
83,69,70.4
83,70,135.82
83,71,166.04
83,72,172.72
83,73,173.38
83,74,173.3
83,75,177.04
83,76,173.94
83,77,144.08
83,78,39.92
83,79,36.02
83,80,25.18
83,81,30.36
83,82,21.98
83,83,95.7
83,84,165.86
83,85,182.76
83,86,182.56
83,87,182.14
83,88,181.28
83,89,181.28
83,90,181.24
83,91,180.4
83,92,162.2
83,93,101.48
83,94,38.54
83,95,28.88
83,96,23.26
83,97,36.32
83,98,28.54
83,99,35.6
83,100,38.2
83,101,53.18
83,102,49.2
83,103,104.68
83,104,202.56
83,105,263.16
83,106,297.7
83,107,280.44
83,108,252.44
83,109,239.12
83,110,234.74
83,111,232.3
83,112,232.26
83,113,246.38
83,114,281.7
83,115,282.98
83,116,258.96
83,117,246.18
83,118,244.28
83,119,245.44
84,120,240.04
84,119,236.22
84,118,237.58
84,117,244.24
84,116,245.7
84,115,244.64
84,114,254.04
84,113,275.8
84,112,277.72
84,111,257.34
84,110,233.6
84,109,232.02
84,108,232.16
84,107,237.44
84,106,251.16
84,105,279.1
84,104,297.34
84,103,258.0
84,102,191.04
84,101,122.72
84,100,78.74
84,99,55.5
84,98,43.68
84,97,42.66
84,96,29.62
84,95,37.48
84,94,34.68
84,93,31.22
84,92,39.02
84,91,113.8
84,90,165.74
84,89,178.64
84,88,181.28
84,87,179.4
84,86,181.38
84,85,181.28
84,84,181.08
84,83,181.08
84,82,160.42
84,81,77.62
84,80,26.14
84,79,16.48
84,78,30.12
84,77,27.78
84,76,42.92
84,75,99.52
84,74,161.76
84,73,166.66
84,72,164.68
84,71,161.6
84,70,161.92
84,69,157.72
84,68,135.48
84,67,53.26
84,66,38.7
84,65,38.38
84,64,47.78
84,63,41.16
84,62,39.82
84,61,38.84
85,60,41.98
85,61,38.74
85,62,39.62
85,63,35.4
85,64,33.3
85,65,46.76
85,66,35.96
85,67,37.98
85,68,39.26
85,69,44.16
85,70,72.84
85,71,121.14
85,72,131.32
85,73,135.98
85,74,140.04
85,75,152.88
85,76,154.9
85,77,144.28
85,78,41.4
85,79,37.26
85,80,27.12
85,81,18.76
85,82,19.32
85,83,47.72
85,84,105.74
85,85,166.22
85,86,193.9
85,87,197.86
85,88,201.64
85,89,187.8
85,90,183.38
85,91,185.14
85,92,142.92
85,93,52.9
85,94,29.52
85,95,40.48
85,96,22.42
85,97,33.32
85,98,28.96
85,99,42.36
85,100,60.86
85,101,98.6
85,102,166.5
85,103,265.46
85,104,290.16
85,105,268.08
85,106,245.36
85,107,236.48
85,108,232.42
85,109,232.5
85,110,232.28
85,111,232.44
85,112,232.56
85,113,253.14
85,114,262.9
85,115,257.22
85,116,248.22
85,117,244.22
85,118,241.32
85,119,239.5
86,120,236.42
86,119,236.08
86,118,236.2
86,117,238.14
86,116,240.28
86,115,243.76
86,114,244.24
86,113,249.64
86,112,257.8
86,111,259.66
86,110,245.04
86,109,232.28
86,108,232.34
86,107,232.28
86,106,232.36
86,105,234.68
86,104,239.42
86,103,249.26
86,102,272.96
86,101,286.46
86,100,236.56
86,99,135.28
86,98,79.8
86,97,48.14
86,96,42.16
86,95,41.12
86,94,36.94
86,93,24.82
86,92,47.44
86,91,73.96
86,90,135.3
86,89,181.18
86,88,190.06
86,87,205.24
86,86,216.48
86,85,208.16
86,84,200.52
86,83,197.2
86,82,121.08
86,81,59.7
86,80,27.14
86,79,23.16
86,78,25.34
86,77,30.7
86,76,36.34
86,75,81.24
86,74,164.42
86,73,176.32
86,72,172.26
86,71,161.78
86,70,157.9
86,69,148.84
86,68,75.12
86,67,51.78
86,66,37.24
86,65,43.98
86,64,41.58
86,63,42.5
86,62,35.2
86,61,36.98
87,60,31.52
87,61,45.18
87,62,45.06
87,63,39.84
87,64,37.88
87,65,34.7
87,66,34.62
87,67,32.58
87,68,39.56
87,69,47.7
87,70,93.26
87,71,146.04
87,72,165.72
87,73,167.1
87,74,175.5
87,75,178.64
87,76,172.84
87,77,122.76
87,78,42.48
87,79,34.52
87,80,25.38
87,81,27.74
87,82,35.8
87,83,55.88
87,84,146.7
87,85,205.38
87,86,207.42
87,87,205.48
87,88,202.18
87,89,207.36
87,90,214.76
87,91,197.12
87,92,145.28
87,93,78.12
87,94,60.3
87,95,57.14
87,96,46.46
87,97,39.02
87,98,67.44
87,99,76.02
87,100,116.76
87,101,202.96
87,102,275.52
87,103,279.46
87,104,255.44
87,105,245.42
87,106,236.86
87,107,232.68
87,108,232.26
87,109,232.42
87,110,232.8
87,111,232.28
87,112,236.78
87,113,249.0
87,114,252.12
87,115,250.26
87,116,244.58
87,117,240.0
87,118,239.24
87,119,239.68
88,120,236.12
88,119,235.94
88,118,236.06
88,117,236.28
88,116,235.98
88,115,237.32
88,114,241.76
88,113,245.96
88,112,248.0
88,111,247.78
88,110,240.34
88,109,232.3
88,108,232.26
88,107,232.48
88,106,232.3
88,105,234.86
88,104,240.58
88,103,245.2
88,102,254.8
88,101,269.62
88,100,290.42
88,99,231.98
88,98,155.84
88,97,121.84
88,96,97.48
88,95,86.22
88,94,93.96
88,93,77.88
88,92,82.88
88,91,106.54
88,90,166.32
88,89,219.32
88,88,228.5
88,87,221.12
88,86,221.62
88,85,220.66
88,84,218.54
88,83,216.66
88,82,193.9
88,81,86.24
88,80,55.26
88,79,34.3
88,78,30.06
88,77,35.1
88,76,48.64
88,75,92.06
88,74,161.2
88,73,170.6
88,72,174.86
88,71,177.4
88,70,173.08
88,69,169.92
88,68,112.2
88,67,65.98
88,66,41.64
88,65,41.34
88,64,38.56
88,63,42.24
88,62,42.88
88,61,40.08
89,60,37.88
89,61,45.18
89,62,41.86
89,63,37.0
89,64,37.76
89,65,40.24
89,66,41.46
89,67,45.1
89,68,47.5
89,69,71.56
89,70,122.92
89,71,176.08
89,72,184.94
89,73,186.32
89,74,185.18
89,75,185.24
89,76,176.0
89,77,134.88
89,78,81.9
89,79,72.36
89,80,66.08
89,81,61.5
89,82,80.42
89,83,146.72
89,84,206.36
89,85,226.52
89,86,222.78
89,87,218.14
89,88,216.98
89,89,228.26
89,90,234.52
89,91,218.62
89,92,193.28
89,93,164.6
89,94,148.86
89,95,150.02
89,96,155.72
89,97,152.48
89,98,171.88
89,99,176.54
89,100,235.9
89,101,278.42
89,102,268.44
89,103,246.2
89,104,237.38
89,105,235.76
89,106,232.6
89,107,232.14
89,108,232.46
89,109,232.16
89,110,232.26
89,111,236.2
89,112,236.1
89,113,244.52
89,114,247.92
89,115,246.1
89,116,241.38
89,117,236.9
89,118,236.34
89,119,240.18
90,120,240.82
90,119,236.04
90,118,236.04
90,117,239.84
90,116,239.9
90,115,240.26
90,114,240.2
90,113,244.28
90,112,258.24
90,111,259.32
90,110,251.08
90,109,245.7
90,108,248.1
90,107,238.0
90,106,232.14
90,105,232.18
90,104,232.26
90,103,232.48
90,102,232.08
90,101,232.32
90,100,242.94
90,99,263.2
90,98,270.48
90,97,260.92
90,96,253.68
90,95,254.68
90,94,248.26
90,93,227.22
90,92,220.68
90,91,224.68
90,90,224.66
90,89,225.04
90,88,249.38
90,87,270.92
90,86,255.48
90,85,235.06
90,84,232.88
90,83,238.12
90,82,264.84
90,81,215.92
90,80,173.42
90,79,129.6
90,78,126.72
90,77,119.82
90,76,124.02
90,75,178.56
90,74,204.06
90,73,200.04
90,72,200.04
90,71,205.42
90,70,206.5
90,69,198.44
90,68,147.36
90,67,85.52
90,66,49.36
90,65,43.28
90,64,42.52
90,63,43.9
90,62,33.86
90,61,43.38
91,60,34.8
91,61,46.4
91,62,44.84
91,63,44.44
91,64,43.02
91,65,52.7
91,66,41.2
91,67,38.9
91,68,60.82
91,69,107.18
91,70,178.96
91,71,208.3
91,72,220.8
91,73,223.32
91,74,245.52
91,75,235.82
91,76,222.92
91,77,204.42
91,78,200.18
91,79,188.68
91,80,188.48
91,81,208.58
91,82,244.42
91,83,277.34
91,84,282.56
91,85,283.86
91,86,274.7
91,87,278.44
91,88,282.44
91,89,281.02
91,90,276.5
91,91,276.22
91,92,302.22
91,93,325.88
91,94,325.82
91,95,332.48
91,96,332.52
91,97,332.32
91,98,328.48
91,99,323.66
91,100,286.64
91,101,249.22
91,102,236.14
91,103,226.22
91,104,224.64
91,105,225.24
91,106,232.2
91,107,232.46
91,108,232.12
91,109,232.16
91,110,228.54
91,111,224.76
91,112,222.9
91,113,209.62
91,114,215.06
91,115,225.7
91,116,243.32
91,117,244.32
91,118,243.3
91,119,240.1
92,120,241.6
92,119,240.02
92,118,240.04
92,117,240.08
92,116,244.16
92,115,244.5
92,114,244.56
92,113,237.36
92,112,221.6
92,111,216.88
92,110,223.24
92,109,234.76
92,108,234.22
92,107,232.1
92,106,235.76
92,105,232.44
92,104,231.16
92,103,224.46
92,102,220.84
92,101,220.9
92,100,225.22
92,99,245.0
92,98,268.0
92,97,300.78
92,96,308.02
92,95,312.16
92,94,313.68
92,93,316.82
92,92,317.52
92,91,314.24
92,90,297.62
92,89,267.36
92,88,249.02
92,87,248.0
92,86,247.92
92,85,247.92
92,84,251.88
92,83,252.18
92,82,247.28
92,81,255.02
92,80,265.66
92,79,266.26
92,78,255.24
92,77,238.66
92,76,240.38
92,75,239.08
92,74,237.36
92,73,251.32
92,72,255.82
92,71,249.18
92,70,248.08
92,69,241.68
92,68,200.96
92,67,135.08
92,66,61.94
92,65,49.16
92,64,45.48
92,63,42.86
92,62,49.32
92,61,39.52
93,60,44.14
93,61,49.22
93,62,41.78
93,63,39.3
93,64,32.02
93,65,41.5
93,66,45.08
93,67,35.74
93,68,76.08
93,69,146.14
93,70,199.2
93,71,214.68
93,72,216.86
93,73,216.76
93,74,216.88
93,75,216.94
93,76,218.32
93,77,242.72
93,78,276.5
93,79,272.5
93,80,277.78
93,81,275.98
93,82,277.42
93,83,255.16
93,84,228.7
93,85,217.22
93,86,216.96
93,87,217.0
93,88,218.44
93,89,220.88
93,90,222.82
93,91,231.0
93,92,239.8
93,93,239.9
93,94,240.06
93,95,240.66
93,96,239.92
93,97,237.48
93,98,239.22
93,99,236.68
93,100,231.04
93,101,228.32
93,102,228.46
93,103,236.14
93,104,235.98
93,105,235.32
93,106,232.24
93,107,236.3
93,108,242.58
93,109,244.28
93,110,241.32
93,111,244.46
93,112,244.2
93,113,230.5
93,114,230.96
93,115,232.52
93,116,240.68
93,117,245.3
93,118,246.86
93,119,244.26
94,120,239.68
94,119,239.96
94,118,240.18
94,117,241.28
94,116,241.7
94,115,244.3
94,114,241.54
94,113,233.48
94,112,229.82
94,111,229.72
94,110,237.42
94,109,240.0
94,108,239.98
94,107,237.5
94,106,236.06
94,105,236.08
94,104,232.34
94,103,232.26
94,102,232.14
94,101,232.38
94,100,232.92
94,99,235.28
94,98,232.66
94,97,232.3
94,96,232.36
94,95,232.32
94,94,231.04
94,93,228.52
94,92,228.38
94,91,226.52
94,90,224.6
94,89,224.54
94,88,221.06
94,87,217.0
94,86,217.08
94,85,216.8
94,84,214.62
94,83,213.6
94,82,224.78
94,81,236.98
94,80,244.34
94,79,244.32
94,78,246.62
94,77,248.14
94,76,248.16
94,75,242.48
94,74,212.52
94,73,199.72
94,72,197.88
94,71,197.66
94,70,194.64
94,69,194.38
94,68,187.18
94,67,151.14
94,66,69.68
94,65,47.98
94,64,41.76
94,63,41.34
94,62,45.3
94,61,43.32
95,60,43.58
95,61,43.68
95,62,40.2
95,63,45.1
95,64,41.12
95,65,46.86
95,66,49.18
95,67,46.56
95,68,77.06
95,69,152.7
95,70,176.66
95,71,184.56
95,72,190.26
95,73,190.5
95,74,191.12
95,75,195.36
95,76,201.2
95,77,211.54
95,78,215.84
95,79,217.0
95,80,217.02
95,81,217.06
95,82,217.28
95,83,216.78
95,84,213.26
95,85,213.16
95,86,213.4
95,87,214.72
95,88,216.78
95,89,217.08
95,90,219.18
95,91,221.08
95,92,224.84
95,93,224.66
95,94,224.66
95,95,228.46
95,96,228.62
95,97,228.64
95,98,229.14
95,99,229.76
95,100,235.98
95,101,236.14
95,102,236.14
95,103,235.96
95,104,236.04
95,105,236.24
95,106,236.72
95,107,238.16
95,108,242.94
95,109,244.48
95,110,244.18
95,111,244.4
95,112,243.32
95,113,226.18
95,114,224.58
95,115,228.68
95,116,233.5
95,117,240.78
95,118,240.06
95,119,239.88
96,120,237.4
96,119,236.56
96,118,237.52
96,117,236.38
96,116,234.68
96,115,232.36
96,114,228.48
96,113,225.24
96,112,217.6
96,111,218.34
96,110,230.0
96,109,232.26
96,108,236.8
96,107,241.48
96,106,240.02
96,105,238.7
96,104,236.18
96,103,233.86
96,102,232.1
96,101,232.76
96,100,239.8
96,99,238.7
96,98,234.34
96,97,228.3
96,96,228.24
96,95,228.76
96,94,228.6
96,93,227.18
96,92,224.62
96,91,224.86
96,90,220.76
96,89,220.36
96,88,216.12
96,87,213.36
96,86,209.42
96,85,209.6
96,84,213.12
96,83,212.96
96,82,212.4
96,81,211.74
96,80,209.46
96,79,209.32
96,78,206.84
96,77,205.16
96,76,201.54
96,75,200.46
96,74,196.02
96,73,194.2
96,72,191.26
96,71,189.74
96,70,186.3
96,69,182.58
96,68,169.56
96,67,136.44
96,66,73.08
96,65,43.68
96,64,37.82
96,63,42.6
96,62,39.04
96,61,45.98
97,60,32.48
97,61,39.08
97,62,30.22
97,63,37.98
97,64,35.18
97,65,44.08
97,66,34.82
97,67,44.02
97,68,70.26
97,69,131.82
97,70,171.16
97,71,183.64
97,72,185.22
97,73,186.32
97,74,190.44
97,75,194.12
97,76,193.9
97,77,197.62
97,78,200.56
97,79,202.0
97,80,205.26
97,81,205.68
97,82,205.7
97,83,209.48
97,84,209.62
97,85,209.44
97,86,209.5
97,87,209.78
97,88,212.9
97,89,213.12
97,90,217.04
97,91,217.6
97,92,221.04
97,93,220.72
97,94,220.7
97,95,224.5
97,96,224.76
97,97,225.38
97,98,228.64
97,99,228.62
97,100,220.8
97,101,213.22
97,102,213.28
97,103,220.34
97,104,224.94
97,105,223.22
97,106,219.14
97,107,216.84
97,108,217.14
97,109,217.16
97,110,220.84
97,111,216.86
97,112,211.74
97,113,194.28
97,114,201.1
97,115,209.58
97,116,221.8
97,117,224.5
97,118,226.76
97,119,228.46
98,120,232.78
98,119,232.94
98,118,233.08
98,117,228.56
98,116,224.8
98,115,224.76
98,114,220.36
98,113,207.96
98,112,190.46
98,111,191.06
98,110,216.34
98,109,231.66
98,108,231.64
98,107,225.02
98,106,226.18
98,105,227.98
98,104,226.76
98,103,231.44
98,102,236.28
98,101,230.4
98,100,219.54
98,99,220.74
98,98,223.1
98,97,228.2
98,96,228.48
98,95,227.18
98,94,224.6
98,93,224.94
98,92,222.24
98,91,221.26
98,90,220.82
98,89,217.26
98,88,217.04
98,87,217.04
98,86,213.44
98,85,213.12
98,84,212.08
98,83,209.58
98,82,209.66
98,81,210.3
98,80,207.0
98,79,205.72
98,78,202.44
98,77,201.76
98,76,200.26
98,75,197.84
98,74,193.98
98,73,190.22
98,72,190.56
98,71,186.64
98,70,184.8
98,69,182.48
98,68,174.86
98,67,128.06
98,66,63.44
98,65,43.98
98,64,35.94
98,63,41.16
98,62,42.52
98,61,40.36
99,60,39.52
99,61,31.82
99,62,25.66
99,63,39.74
99,64,41.26
99,65,36.78
99,66,43.1
99,67,43.64
99,68,69.06
99,69,124.16
99,70,173.12
99,71,182.2
99,72,185.6
99,73,186.34
99,74,189.84
99,75,190.18
99,76,192.94
99,77,194.32
99,78,198.12
99,79,199.0
99,80,201.94
99,81,201.7
99,82,205.48
99,83,206.08
99,84,209.64
99,85,209.6
99,86,213.22
99,87,213.22
99,88,216.84
99,89,216.86
99,90,217.06
99,91,218.52
99,92,220.9
99,93,220.88
99,94,220.66
99,95,224.8
99,96,224.72
99,97,224.8
99,98,228.42
99,99,228.52
99,100,232.36
99,101,232.44
99,102,232.4
99,103,233.66
99,104,233.72
99,105,236.22
99,106,238.72
99,107,240.34
99,108,240.1
99,109,240.22
99,110,236.32
99,111,236.14
99,112,233.7
99,113,208.3
99,114,154.12
99,115,157.0
99,116,193.14
99,117,212.1
99,118,219.7
99,119,220.86
100,120,220.0
100,119,219.36
100,118,219.14
100,117,220.72
100,116,214.52
100,115,205.54
100,114,181.52
100,113,146.98
100,112,143.16
100,111,186.42
100,110,227.26
100,109,232.5
100,108,232.3
100,107,232.24
100,106,232.36
100,105,234.74
100,104,236.2
100,103,235.54
100,102,231.48
100,101,228.38
100,100,230.2
100,99,228.66
100,98,225.72
100,97,228.54
100,96,228.7
100,95,224.88
100,94,224.84
100,93,225.3
100,92,222.08
100,91,221.06
100,90,221.16
100,89,221.0
100,88,218.72
100,87,217.1
100,86,217.02
100,85,213.7
100,84,213.3
100,83,211.4
100,82,209.6
100,81,206.62
100,80,205.6
100,79,201.88
100,78,202.46
100,77,197.74
100,76,198.02
100,75,195.1
100,74,194.24
100,73,190.36
100,72,188.84
100,71,186.36
100,70,184.18
100,69,182.4
100,68,170.3
100,67,138.2
100,66,60.0
100,65,48.62
100,64,34.36
100,63,42.5
100,62,38.66
100,61,32.24
101,60,23.9
101,61,27.5
101,62,25.14
101,63,34.24
101,64,39.42
101,65,33.6
101,66,42.64
101,67,47.24
101,68,54.74
101,69,119.46
101,70,162.72
101,71,178.74
101,72,183.12
101,73,185.54
101,74,186.5
101,75,189.96
101,76,190.34
101,77,194.22
101,78,194.06
101,79,197.74
101,80,197.98
101,81,201.7
101,82,205.62
101,83,205.76
101,84,207.28
101,85,209.52
101,86,213.08
101,87,213.12
101,88,216.42
101,89,214.38
101,90,218.6
101,91,220.86
101,92,221.16
101,93,220.94
101,94,220.68
101,95,221.04
101,96,224.68
101,97,224.6
101,98,224.6
101,99,225.04
101,100,229.26
101,101,232.34
101,102,232.38
101,103,234.62
101,104,244.06
101,105,244.08
101,106,236.74
101,107,232.6
101,108,228.42
101,109,228.66
101,110,228.54
101,111,232.24
101,112,231.64
101,113,190.84
101,114,127.68
101,115,86.52
101,116,124.28
101,117,168.02
101,118,188.38
101,119,203.1
102,120,195.88
102,119,199.7
102,118,197.68
102,117,181.62
102,116,165.88
102,115,130.94
102,114,89.2
102,113,70.34
102,112,132.94
102,111,187.74
102,110,225.62
102,109,232.22
102,108,233.06
102,107,228.46
102,106,231.4
102,105,232.24
102,104,229.86
102,103,232.18
102,102,236.3
102,101,242.76
102,100,243.96
102,99,235.34
102,98,230.88
102,97,226.9
102,96,224.64
102,95,224.7
102,94,220.76
102,93,220.92
102,92,220.66
102,91,219.32
102,90,217.04
102,89,216.78
102,88,220.8
102,87,221.6
102,86,219.62
102,85,216.94
102,84,211.16
102,83,207.18
102,82,205.62
102,81,205.0
102,80,201.96
102,79,201.74
102,78,199.58
102,77,197.78
102,76,193.94
102,75,190.6
102,74,190.46
102,73,188.46
102,72,186.2
102,71,182.72
102,70,182.52
102,69,180.62
102,68,163.94
102,67,108.18
102,66,51.46
102,65,43.52
102,64,32.56
102,63,42.02
102,62,48.88
102,61,47.06
103,60,34.76
103,61,34.2
103,62,37.32
103,63,37.34
103,64,36.88
103,65,29.4
103,66,42.62
103,67,38.72
103,68,50.08
103,69,113.4
103,70,159.56
103,71,178.98
103,72,181.42
103,73,182.04
103,74,182.56
103,75,185.96
103,76,186.42
103,77,190.08
103,78,190.14
103,79,192.92
103,80,194.54
103,81,197.66
103,82,198.12
103,83,202.14
103,84,201.86
103,85,204.44
103,86,205.66
103,87,209.58
103,88,209.6
103,89,213.24
103,90,212.9
103,91,213.04
103,92,213.2
103,93,214.34
103,94,214.64
103,95,216.94
103,96,219.14
103,97,219.8
103,98,220.82
103,99,221.94
103,100,224.62
103,101,226.34
103,102,228.5
103,103,224.46
103,104,222.52
103,105,221.02
103,106,220.96
103,107,220.72
103,108,220.84
103,109,218.16
103,110,217.2
103,111,217.26
103,112,219.64
103,113,199.8
103,114,136.52
103,115,99.0
103,116,51.44
103,117,43.26
103,118,61.66
103,119,76.4
104,120,53.28
104,119,47.88
104,118,51.54
104,117,73.42
104,116,96.28
104,115,130.36
104,114,142.04
104,113,131.82
104,112,137.26
104,111,168.92
104,110,181.86
104,109,186.22
104,108,186.28
104,107,190.4
104,106,190.2
104,105,194.08
104,104,195.54
104,103,197.7
104,102,197.66
104,101,200.78
104,100,201.9
104,99,201.56
104,98,201.7
104,97,201.8
104,96,199.3
104,95,197.88
104,94,197.82
104,93,197.98
104,92,194.18
104,91,191.82
104,90,190.62
104,89,190.18
104,88,190.2
104,87,190.24
104,86,190.36
104,85,187.9
104,84,187.62
104,83,186.56
104,82,182.72
104,81,182.0
104,80,181.08
104,79,181.24
104,78,181.5
104,77,182.18
104,76,182.44
104,75,182.24
104,74,181.22
104,73,181.26
104,72,179.74
104,71,177.56
104,70,178.62
104,69,173.34
104,68,153.96
104,67,93.94
104,66,45.9
104,65,31.16
104,64,39.12
104,63,35.56
104,62,37.06
104,61,36.96
105,60,38.66
105,61,33.78
105,62,37.56
105,63,32.46
105,64,37.16
105,65,33.74
105,66,39.52
105,67,30.52
105,68,49.98
105,69,86.32
105,70,144.58
105,71,156.26
105,72,157.84
105,73,157.6
105,74,157.76
105,75,157.78
105,76,157.8
105,77,157.76
105,78,154.06
105,79,150.14
105,80,146.38
105,81,142.22
105,82,142.24
105,83,140.68
105,84,142.16
105,85,143.12
105,86,146.24
105,87,147.98
105,88,150.28
105,89,150.04
105,90,146.22
105,91,143.44
105,92,142.04
105,93,143.86
105,94,146.36
105,95,148.56
105,96,150.12
105,97,150.1
105,98,150.28
105,99,150.3
105,100,150.12
105,101,147.84
105,102,146.12
105,103,148.2
105,104,142.16
105,105,140.6
105,106,138.62
105,107,130.28
105,108,130.02
105,109,123.08
105,110,122.5
105,111,120.56
105,112,120.24
105,113,131.62
105,114,146.14
105,115,141.2
105,116,129.2
105,117,110.22
105,118,103.6
105,119,96.72
106,120,107.44
106,119,104.84
106,118,101.98
106,117,108.2
106,116,104.06
106,115,104.78
106,114,105.8
106,113,103.18
106,112,107.34
106,111,108.26
106,110,99.84
106,109,90.02
106,108,86.22
106,107,82.34
106,106,81.2
106,105,78.32
106,104,77.08
106,103,71.66
106,102,69.76
106,101,69.7
106,100,67.7
106,99,66.36
106,98,66.56
106,97,62.5
106,96,66.76
106,95,67.5
106,94,70.42
106,93,76.3
106,92,72.5
106,91,78.2
106,90,78.34
106,89,81.02
106,88,80.92
106,87,80.36
106,86,74.32
106,85,68.94
106,84,68.86
106,83,66.7
106,82,61.02
106,81,56.34
106,80,47.48
106,79,52.96
106,78,47.24
106,77,70.98
106,76,70.24
106,75,80.26
106,74,90.06
106,73,91.12
106,72,93.9
106,71,98.3
106,70,103.22
106,69,105.8
106,68,83.06
106,67,54.64
106,66,35.38
106,65,34.98
106,64,38.74
106,63,34.18
106,62,33.98
106,61,34.14
107,60,35.46
107,61,42.18
107,62,38.64
107,63,41.32
107,64,26.78
107,65,38.68
107,66,33.0
107,67,37.88
107,68,36.0
107,69,39.22
107,70,45.32
107,71,65.16
107,72,60.46
107,73,59.22
107,74,38.12
107,75,41.04
107,76,40.48
107,77,29.74
107,78,25.58
107,79,27.84
107,80,23.46
107,81,26.86
107,82,32.72
107,83,41.86
107,84,70.24
107,85,81.32
107,86,71.14
107,87,72.56
107,88,74.28
107,89,74.24
107,90,75.82
107,91,78.14
107,92,74.52
107,93,74.38
107,94,74.26
107,95,74.08
107,96,66.86
107,97,66.52
107,98,66.48
107,99,62.82
107,100,62.62
107,101,62.36
107,102,62.18
107,103,62.76
107,104,64.22
107,105,66.24
107,106,66.6
107,107,67.16
107,108,70.44
107,109,70.36
107,110,73.36
107,111,74.1
107,112,74.42
107,113,78.58
107,114,82.28
107,115,82.28
107,116,86.5
107,117,86.24
107,118,86.44
107,119,86.56
108,120,66.72
108,119,66.6
108,118,64.58
108,117,62.4
108,116,62.52
108,115,62.72
108,114,62.4
108,113,62.26
108,112,62.28
108,111,60.18
108,110,62.54
108,109,58.36
108,108,57.26
108,107,54.02
108,106,53.2
108,105,55.64
108,104,50.26
108,103,49.5
108,102,48.14
108,101,45.3
108,100,45.12
108,99,47.98
108,98,48.02
108,97,49.24
108,96,51.9
108,95,63.82
108,94,70.48
108,93,72.88
108,92,70.5
108,91,70.96
108,90,74.34
108,89,74.42
108,88,72.46
108,87,70.44
108,86,73.38
108,85,79.04
108,84,77.3
108,83,74.76
108,82,70.34
108,81,61.44
108,80,39.98
108,79,30.46
108,78,31.94
108,77,26.82
108,76,25.14
108,75,26.52
108,74,35.82
108,73,43.84
108,72,45.32
108,71,38.84
108,70,44.56
108,69,44.06
108,68,32.58
108,67,36.34
108,66,32.08
108,65,29.66
108,64,42.84
108,63,31.92
108,62,35.82
108,61,37.02
109,60,49.88
109,61,53.4
109,62,56.18
109,63,54.84
109,64,33.5
109,65,39.66
109,66,42.68
109,67,37.58
109,68,30.96
109,69,39.8
109,70,28.9
109,71,33.92
109,72,28.92
109,73,28.6
109,74,25.16
109,75,33.3
109,76,29.16
109,77,26.88
109,78,30.46
109,79,33.58
109,80,33.0
109,81,38.4
109,82,53.74
109,83,70.54
109,84,71.8
109,85,74.14
109,86,74.4
109,87,77.08
109,88,74.78
109,89,77.78
109,90,78.62
109,91,76.84
109,92,74.04
109,93,78.28
109,94,78.32
109,95,74.5
109,96,74.22
109,97,74.24
109,98,68.2
109,99,62.12
109,100,54.84
109,101,51.96
109,102,50.58
109,103,51.2
109,104,53.4
109,105,62.58
109,106,77.94
109,107,82.44
109,108,79.62
109,109,70.5
109,110,66.48
109,111,69.12
109,112,71.06
109,113,74.68
109,114,72.96
109,115,68.54
109,116,66.34
109,117,70.58
109,118,73.64
109,119,68.82
110,120,82.84
110,119,81.76
110,118,79.54
110,117,86.6
110,116,83.02
110,115,77.22
110,114,68.92
110,113,58.56
110,112,58.62
110,111,59.56
110,110,45.86
110,109,37.22
110,108,41.84
110,107,49.02
110,106,68.78
110,105,76.5
110,104,61.34
110,103,29.22
110,102,10.78
110,101,7.46
110,100,8.54
110,99,5.7
110,98,9.84
110,97,25.82
110,96,43.34
110,95,64.16
110,94,72.84
110,93,74.66
110,92,78.28
110,91,78.32
110,90,79.88
110,89,82.36
110,88,82.28
110,87,79.44
110,86,78.28
110,85,78.26
110,84,78.34
110,83,78.36
110,82,78.34
110,81,81.22
110,80,73.14
110,79,51.2
110,78,39.78
110,77,35.24
110,76,32.18
110,75,33.24
110,74,33.4
110,73,30.46
110,72,27.46
110,71,29.14
110,70,27.4
110,69,30.88
110,68,33.92
110,67,32.88
110,66,30.78
110,65,37.24
110,64,47.6
110,63,38.32
110,62,47.94
110,61,52.42
111,60,50.14
111,61,47.44
111,62,50.9
111,63,48.8
111,64,43.82
111,65,48.06
111,66,43.46
111,67,41.26
111,68,35.6
111,69,37.04
111,70,35.02
111,71,39.96
111,72,34.66
111,73,29.1
111,74,38.46
111,75,36.8
111,76,37.76
111,77,38.3
111,78,41.84
111,79,39.3
111,80,35.76
111,81,62.34
111,82,75.88
111,83,83.56
111,84,88.0
111,85,88.16
111,86,86.56
111,87,88.96
111,88,89.74
111,89,86.38
111,90,84.56
111,91,86.42
111,92,82.54
111,93,79.7
111,94,79.04
111,95,86.28
111,96,82.78
111,97,72.2
111,98,62.72
111,99,32.68
111,100,3.64
111,101,3.86
111,102,3.54
111,103,3.72
111,104,18.18
111,105,50.86
111,106,65.94
111,107,66.54
111,108,66.5
111,109,68.64
111,110,71.64
111,111,68.0
111,112,62.86
111,113,14.38
111,114,7.98
111,115,6.46
111,116,9.42
111,117,30.3
111,118,56.72
111,119,75.6
112,120,80.4
112,119,82.24
112,118,79.76
112,117,74.68
112,116,71.76
112,115,68.96
112,114,44.04
112,113,31.8
112,112,43.9
112,111,49.6
112,110,62.46
112,109,74.64
112,108,73.76
112,107,75.88
112,106,70.5
112,105,67.7
112,104,69.22
112,103,61.18
112,102,24.18
112,101,6.62
112,100,3.76
112,99,3.6
112,98,3.42
112,97,11.64
112,96,80.04
112,95,78.3
112,94,86.44
112,93,82.68
112,92,74.58
112,91,74.52
112,90,78.4
112,89,78.28
112,88,78.34
112,87,83.04
112,86,85.12
112,85,84.76
112,84,78.38
112,83,78.36
112,82,78.16
112,81,81.54
112,80,72.6
112,79,59.12
112,78,45.26
112,77,39.52
112,76,39.76
112,75,40.4
112,74,41.32
112,73,38.1
112,72,35.02
112,71,38.62
112,70,38.5
112,69,39.64
112,68,44.96
112,67,34.7
112,66,43.06
112,65,49.12
112,64,38.86
112,63,38.72
112,62,40.38
112,61,47.62
113,60,43.14
113,61,42.04
113,62,39.02
113,63,43.62
113,64,40.52
113,65,36.46
113,66,39.06
113,67,38.72
113,68,33.78
113,69,38.06
113,70,38.62
113,71,43.06
113,72,35.18
113,73,36.62
113,74,34.84
113,75,35.2
113,76,40.1
113,77,41.36
113,78,41.08
113,79,43.22
113,80,41.94
113,81,66.46
113,82,67.7
113,83,70.64
113,84,70.24
113,85,74.12
113,86,74.36
113,87,74.48
113,88,71.76
113,89,74.42
113,90,76.8
113,91,77.9
113,92,73.58
113,93,74.48
113,94,73.08
113,95,70.18
113,96,66.2
113,97,72.8
113,98,87.9
113,99,19.46
113,100,3.5
113,101,3.6
113,102,3.74
113,103,6.52
113,104,3.44
113,105,48.72
113,106,66.46
113,107,68.9
113,108,70.68
113,109,72.98
113,110,74.54
113,111,73.72
113,112,69.74
113,113,64.16
113,114,58.5
113,115,59.82
113,116,63.66
113,117,72.32
113,118,73.04
113,119,70.48
114,120,70.18
114,119,81.2
114,118,75.06
114,117,74.38
114,116,72.82
114,115,70.46
114,114,69.26
114,113,65.6
114,112,67.76
114,111,72.7
114,110,72.58
114,109,74.52
114,108,75.3
114,107,70.3
114,106,69.8
114,105,70.18
114,104,71.32
114,103,44.78
114,102,3.6
114,101,3.56
114,100,3.4
114,99,3.4
114,98,3.74
114,97,107.08
114,96,106.32
114,95,76.22
114,94,70.44
114,93,70.48
114,92,74.38
114,91,76.22
114,90,74.36
114,89,74.66
114,88,75.54
114,87,75.64
114,86,74.46
114,85,76.36
114,84,74.06
114,83,74.1
114,82,71.02
114,81,74.2
114,80,72.82
114,79,70.32
114,78,55.6
114,77,35.98
114,76,37.64
114,75,45.1
114,74,45.36
114,73,37.02
114,72,26.58
114,71,30.12
114,70,32.48
114,69,41.14
114,68,40.62
114,67,36.9
114,66,36.3
114,65,38.52
114,64,48.96
114,63,38.58
114,62,35.42
114,61,44.62
