40,125,409.36
40,124,133.94
40,123,141.1
40,122,121.0
40,121,120.94
40,120,118.38
40,119,122.0
40,118,121.76
40,117,125.84
40,116,119.9
40,115,121.74
40,114,121.54
40,113,123.4
40,112,121.74
40,111,125.38
40,110,126.18
40,109,129.2
40,108,123.2
40,107,124.36
40,106,122.0
40,105,137.4
40,104,140.18
40,103,145.2
40,102,175.34
40,101,165.14
40,100,141.88
40,99,129.1
40,98,81.66
40,97,4.0
40,96,3.8
40,95,3.8
40,94,3.54
40,93,4.18
40,92,3.8
40,91,3.58
40,90,3.42
40,89,4.82
40,88,3.46
40,87,5.18
40,86,3.58
40,85,3.8
40,84,3.58
40,83,3.74
40,82,3.7
40,81,3.64
40,80,3.58
40,79,3.7
40,78,3.7
40,77,3.54
40,76,3.8
40,75,3.58
40,74,3.9
40,73,3.56
40,72,4.0
40,71,3.7
40,70,3.68
40,69,3.62
40,68,3.64
40,67,3.56
40,66,5.64
40,65,3.6
40,64,3.66
40,63,3.4
40,62,3.48
40,61,3.42
40,60,3.34
40,59,3.9
40,58,3.36
40,57,3.64
40,56,3.48
40,55,3.62
40,54,3.52
40,53,3.6
40,52,3.76
40,51,3.64
40,50,7.98
40,49,26.66
40,48,48.74
40,47,36.22
40,46,4.18
40,45,3.62
40,44,3.48
40,43,3.48
40,42,3.6
40,41,25.36
41,40,27.7
41,41,34.42
41,42,45.9
41,43,11.82
41,44,4.3
41,45,3.76
41,46,3.56
41,47,3.26
41,48,3.5
41,49,18.4
41,50,32.18
41,51,46.24
41,52,10.92
41,53,3.7
41,54,3.8
41,55,3.68
41,56,3.58
41,57,4.04
41,58,3.5
41,59,3.86
41,60,3.94
41,61,3.88
41,62,3.76
41,63,3.86
41,64,3.74
41,65,3.94
41,66,3.7
41,67,3.6
41,68,3.84
41,69,3.86
41,70,3.6
41,71,3.66
41,72,3.58
41,73,3.72
41,74,3.88
41,75,4.76
41,76,3.88
41,77,3.48
41,78,3.84
41,79,3.58
41,80,3.78
41,81,3.72
41,82,3.9
41,83,3.64
41,84,3.9
41,85,3.66
41,86,3.58
41,87,3.82
41,88,4.74
41,89,3.66
41,90,3.72
41,91,3.66
41,92,3.74
41,93,5.18
41,94,3.8
41,95,3.74
41,96,3.38
41,97,13.54
41,98,3.72
41,99,21.98
41,100,8.22
41,101,51.98
41,102,50.34
41,103,79.54
41,104,136.52
41,105,127.34
41,106,134.32
41,107,134.24
41,108,128.12
41,109,127.6
41,110,130.0
41,111,129.34
41,112,127.42
41,113,129.62
41,114,127.62
41,115,124.28
41,116,122.22
41,117,121.22
41,118,122.04
41,119,126.1
41,120,123.76
41,121,129.26
41,122,125.46
41,123,124.46
41,124,114.56
42,125,125.14
42,124,129.2
42,123,127.98
42,122,119.6
42,121,124.94
42,120,130.5
42,119,130.72
42,118,129.98
42,117,127.56
42,116,123.74
42,115,125.7
42,114,125.36
42,113,126.1
42,112,128.08
42,111,125.5
42,110,132.58
42,109,139.7
42,108,140.54
42,107,139.84
42,106,134.78
42,105,141.28
42,104,153.68
42,103,154.26
42,102,163.48
42,101,175.94
42,100,99.04
42,99,34.32
42,98,3.72
42,97,5.52
42,96,3.52
42,95,3.38
42,94,3.96
42,93,4.2
42,92,3.72
42,91,3.64
42,90,3.52
42,89,3.54
42,88,3.62
42,87,3.76
42,86,5.24
42,85,3.72
42,84,3.38
42,83,3.7
42,82,3.76
42,81,3.7
42,80,3.56
42,79,3.6
42,78,3.74
42,77,3.78
42,76,3.6
42,75,3.52
42,74,3.86
42,73,3.7
42,72,3.5
42,71,3.66
42,70,3.9
42,69,3.56
42,68,3.66
42,67,3.66
42,66,3.66
42,65,3.54
42,64,3.7
42,63,3.52
42,62,3.86
42,61,3.4
42,60,3.56
42,59,3.54
42,58,3.72
42,57,3.62
42,56,3.5
42,55,3.74
42,54,3.58
42,53,3.72
42,52,4.3
42,51,4.48
42,50,19.36
42,49,31.82
42,48,39.48
42,47,17.04
42,46,3.5
42,45,3.42
42,44,3.86
42,43,3.34
42,42,3.84
42,41,19.92
43,40,46.32
43,41,61.18
43,42,50.52
43,43,15.36
43,44,10.44
43,45,4.18
43,46,3.48
43,47,3.54
43,48,3.46
43,49,4.34
43,50,23.32
43,51,35.44
43,52,39.3
43,53,8.5
43,54,3.62
43,55,3.54
43,56,3.56
43,57,3.8
43,58,4.64
43,59,3.48
43,60,3.74
43,61,3.56
43,62,3.48
43,63,3.5
43,64,3.52
43,65,3.72
43,66,3.74
43,67,3.76
43,68,3.52
43,69,3.8
43,70,3.54
43,71,3.86
43,72,4.52
43,73,3.86
43,74,3.66
43,75,3.68
43,76,3.82
43,77,3.7
43,78,3.66
43,79,3.82
43,80,3.56
43,81,3.42
43,82,3.92
43,83,3.82
43,84,3.4
43,85,3.72
43,86,3.64
43,87,3.92
43,88,3.76
43,89,3.68
43,90,3.4
43,91,3.7
43,92,3.72
43,93,3.74
43,94,4.0
43,95,6.98
43,96,37.94
43,97,15.62
43,98,3.56
43,99,3.62
43,100,3.72
43,101,3.52
43,102,3.64
43,103,130.68
43,104,151.94
43,105,152.28
43,106,157.86
43,107,152.2
43,108,148.44
43,109,148.86
43,110,151.02
43,111,148.44
43,112,143.84
43,113,129.68
43,114,132.96
43,115,129.76
43,116,129.94
43,117,131.76
43,118,129.38
43,119,127.2
43,120,124.66
43,121,129.76
43,122,129.36
43,123,125.9
43,124,121.84
44,125,116.62
44,124,118.16
44,123,117.84
44,122,119.88
44,121,125.64
44,120,132.06
44,119,132.28
44,118,133.44
44,117,134.66
44,116,137.52
44,115,137.12
44,114,141.1
44,113,138.32
44,112,145.42
44,111,152.8
44,110,163.66
44,109,177.54
44,108,180.04
44,107,178.8
44,106,171.46
44,105,166.44
44,104,158.2
44,103,156.02
44,102,158.58
44,101,168.84
44,100,226.22
44,99,88.64
44,98,3.76
44,97,3.78
44,96,3.74
44,95,3.66
44,94,3.52
44,93,3.5
44,92,3.52
44,91,3.72
44,90,3.48
44,89,3.54
44,88,3.7
44,87,3.64
44,86,3.6
44,85,3.76
44,84,3.46
44,83,3.66
44,82,4.14
44,81,3.48
44,80,3.56
44,79,3.7
44,78,4.54
44,77,3.62
44,76,3.48
44,75,3.7
44,74,3.68
44,73,3.54
44,72,3.66
44,71,3.74
44,70,3.74
44,69,3.5
44,68,3.62
44,67,3.74
44,66,3.32
44,65,3.46
44,64,3.46
44,63,3.7
44,62,3.66
44,61,3.48
44,60,3.72
44,59,4.6
44,58,3.52
44,57,3.64
44,56,3.44
44,55,3.48
44,54,3.56
44,53,3.68
44,52,3.98
44,51,3.66
44,50,27.68
44,49,25.12
44,48,28.76
44,47,3.88
44,46,3.46
44,45,3.52
44,44,3.72
44,43,3.6
44,42,6.48
44,41,37.76
45,40,59.2
45,41,52.44
45,42,54.76
45,43,23.42
45,44,21.06
45,45,3.6
45,46,3.64
45,47,3.88
45,48,3.54
45,49,3.68
45,50,18.86
45,51,29.04
45,52,35.8
45,53,19.46
45,54,3.74
45,55,3.72
45,56,3.6
45,57,3.7
45,58,3.78
45,59,3.5
45,60,3.92
45,61,3.78
45,62,3.86
45,63,3.48
45,64,3.84
45,65,3.94
45,66,3.66
45,67,3.86
45,68,3.74
45,69,3.5
45,70,3.66
45,71,4.36
45,72,3.58
45,73,3.76
45,74,3.42
45,75,3.74
45,76,3.82
45,77,3.66
45,78,3.76
45,79,3.54
45,80,3.84
45,81,3.52
45,82,3.5
45,83,4.06
45,84,3.86
45,85,3.62
45,86,3.88
45,87,3.62
45,88,3.72
45,89,3.48
45,90,3.76
45,91,3.56
45,92,3.74
45,93,3.36
45,94,114.96
45,95,27.46
45,96,81.82
45,97,25.8
45,98,5.18
45,99,3.66
45,100,4.64
45,101,3.88
45,102,81.52
45,103,149.9
45,104,152.0
45,105,150.12
45,106,152.38
45,107,156.28
45,108,162.36
45,109,164.0
45,110,164.5
45,111,167.52
45,112,167.38
45,113,167.74
45,114,161.32
45,115,152.66
45,116,151.56
45,117,146.04
45,118,145.96
45,119,142.5
45,120,137.94
45,121,140.62
45,122,140.06
45,123,136.46
45,124,131.64
46,125,138.86
46,124,137.82
46,123,145.7
46,122,149.86
46,121,156.3
46,120,160.02
46,119,160.12
46,118,163.24
46,117,164.0
46,116,167.64
46,115,165.46
46,114,167.68
46,113,170.1
46,112,171.4
46,111,170.18
46,110,162.38
46,109,156.02
46,108,156.28
46,107,152.46
46,106,153.06
46,105,156.08
46,104,156.14
46,103,153.84
46,102,154.66
46,101,161.72
46,100,166.4
46,99,163.7
46,98,53.5
46,97,10.82
46,96,3.54
46,95,3.92
46,94,3.54
46,93,3.48
46,92,3.66
46,91,4.02
46,90,3.52
46,89,3.58
46,88,3.46
46,87,3.6
46,86,3.88
46,85,3.56
46,84,3.62
46,83,3.66
46,82,3.56
46,81,3.72
46,80,3.54
46,79,3.76
46,78,3.78
46,77,4.64
46,76,3.44
46,75,3.62
46,74,3.58
46,73,3.66
46,72,4.44
46,71,3.4
46,70,3.52
46,69,3.58
46,68,3.56
46,67,3.66
46,66,3.6
46,65,3.4
46,64,3.4
46,63,4.82
46,62,3.48
46,61,3.58
46,60,3.74
46,59,3.66
46,58,3.72
46,57,3.9
46,56,3.66
46,55,3.66
46,54,3.52
46,53,3.4
46,52,3.56
46,51,15.08
46,50,30.66
46,49,28.22
46,48,11.36
46,47,3.58
46,46,3.3
46,45,3.44
46,44,3.68
46,43,4.22
46,42,10.14
46,41,52.86
47,40,60.08
47,41,55.36
47,42,44.2
47,43,46.36
47,44,24.96
47,45,4.26
47,46,3.4
47,47,3.66
47,48,3.6
47,49,3.72
47,50,3.72
47,51,6.4
47,52,32.08
47,53,19.3
47,54,7.86
47,55,3.68
47,56,3.48
47,57,3.54
47,58,3.58
47,59,3.68
47,60,3.76
47,61,3.5
47,62,3.6
47,63,3.6
47,64,3.62
47,65,3.74
47,66,4.08
47,67,4.06
47,68,3.74
47,69,3.52
47,70,3.56
47,71,3.54
47,72,3.5
47,73,3.9
47,74,3.48
47,75,3.48
47,76,3.68
47,77,3.42
47,78,3.62
47,79,3.66
47,80,3.76
47,81,3.6
47,82,3.52
47,83,4.84
47,84,3.58
47,85,3.56
47,86,3.72
47,87,3.54
47,88,3.72
47,89,3.38
47,90,3.74
47,91,3.86
47,92,12.58
47,93,15.12
47,94,185.2
47,95,4.22
47,96,5.38
47,97,3.64
47,98,5.1
47,99,3.52
47,100,3.72
47,101,27.98
47,102,171.02
47,103,168.82
47,104,167.58
47,105,165.08
47,106,154.84
47,107,147.12
47,108,140.8
47,109,142.2
47,110,145.14
47,111,144.96
47,112,146.36
47,113,152.52
47,114,155.06
47,115,154.5
47,116,156.4
47,117,156.06
47,118,156.12
47,119,156.54
47,120,154.54
47,121,156.12
47,122,156.18
47,123,159.02
47,124,152.28
48,125,153.62
48,124,159.78
48,123,160.02
48,122,162.62
48,121,163.78
48,120,167.76
48,119,164.0
48,118,163.82
48,117,160.9
48,116,163.86
48,115,160.22
48,114,160.2
48,113,160.16
48,112,153.9
48,111,152.16
48,110,148.12
48,109,141.02
48,108,140.94
48,107,141.18
48,106,140.98
48,105,139.08
48,104,140.86
48,103,138.52
48,102,137.28
48,101,143.16
48,100,149.66
48,99,165.22
48,98,36.8
48,97,9.52
48,96,5.3
48,95,3.54
48,94,3.7
48,93,3.6
48,92,3.72
48,91,4.02
48,90,3.42
48,89,3.64
48,88,3.64
48,87,3.6
48,86,3.56
48,85,3.42
48,84,3.48
48,83,3.58
48,82,3.48
48,81,3.52
48,80,3.62
48,79,3.4
48,78,3.68
48,77,3.72
48,76,3.42
48,75,3.46
48,74,3.44
48,73,3.42
48,72,3.62
48,71,3.66
48,70,3.46
48,69,3.72
48,68,3.44
48,67,3.48
48,66,3.5
48,65,3.66
48,64,3.76
48,63,3.76
48,62,3.56
48,61,3.42
48,60,3.58
48,59,3.72
48,58,5.12
48,57,3.4
48,56,3.62
48,55,3.64
48,54,3.64
48,53,3.62
48,52,4.8
48,51,39.76
48,50,40.18
48,49,14.58
48,48,3.74
48,47,3.7
48,46,3.44
48,45,3.6
48,44,3.52
48,43,7.46
48,42,11.84
48,41,61.02
49,40,49.6
49,41,36.36
49,42,44.56
49,43,50.14
49,44,35.94
49,45,9.4
49,46,3.5
49,47,3.44
49,48,3.34
49,49,3.56
49,50,3.68
49,51,3.88
49,52,14.14
49,53,23.08
49,54,7.14
49,55,3.5
49,56,3.74
49,57,3.88
49,58,3.64
49,59,3.58
49,60,3.42
49,61,5.36
49,62,3.52
49,63,3.74
49,64,3.64
49,65,3.5
49,66,3.64
49,67,3.7
49,68,3.66
49,69,3.7
49,70,3.36
49,71,3.76
49,72,5.36
49,73,3.64
49,74,3.72
49,75,3.46
49,76,3.78
49,77,3.46
49,78,3.72
49,79,3.58
49,80,3.74
49,81,3.5
49,82,3.82
49,83,3.58
49,84,3.36
49,85,3.82
49,86,3.74
49,87,3.62
49,88,3.46
49,89,3.7
49,90,3.68
49,91,3.74
49,92,40.08
49,93,6.92
49,94,101.44
49,95,23.08
49,96,3.7
49,97,3.72
49,98,3.64
49,99,3.62
49,100,3.68
49,101,33.58
49,102,128.36
49,103,131.98
49,104,135.18
49,105,133.6
49,106,137.02
49,107,137.32
49,108,135.94
49,109,133.26
49,110,133.36
49,111,133.12
49,112,134.5
49,113,138.16
49,114,138.84
49,115,140.98
49,116,140.96
49,117,142.3
49,118,142.64
49,119,144.2
49,120,144.7
49,121,144.72
49,122,144.78
49,123,148.44
49,124,147.88
50,125,137.08
50,124,136.64
50,123,137.28
50,122,137.3
50,121,136.3
50,120,137.4
50,119,137.32
50,118,137.56
50,117,139.56
50,116,137.18
50,115,140.52
50,114,140.08
50,113,141.22
50,112,137.16
50,111,140.98
50,110,141.36
50,109,140.9
50,108,144.8
50,107,145.18
50,106,141.06
50,105,140.82
50,104,141.14
50,103,140.78
50,102,137.1
50,101,138.32
50,100,140.6
50,99,142.4
50,98,12.7
50,97,3.54
50,96,3.72
50,95,3.68
50,94,3.68
50,93,3.44
50,92,3.72
50,91,3.62
50,90,3.46
50,89,4.34
50,88,3.54
50,87,3.68
50,86,3.62
50,85,3.68
50,84,3.44
50,83,3.4
50,82,3.7
50,81,3.54
50,80,3.52
50,79,3.7
50,78,3.48
50,77,5.18
50,76,3.88
50,75,3.56
50,74,3.74
50,73,3.34
50,72,5.48
50,71,3.42
50,70,3.54
50,69,3.94
50,68,3.8
50,67,3.38
50,66,3.6
50,65,4.72
50,64,3.68
50,63,3.62
50,62,3.46
50,61,3.62
50,60,3.46
50,59,3.64
50,58,3.84
50,57,3.66
50,56,3.64
50,55,3.56
50,54,3.58
50,53,6.0
50,52,12.82
50,51,35.92
50,50,21.8
50,49,7.7
50,48,3.54
50,47,3.62
50,46,3.86
50,45,3.66
50,44,3.74
50,43,11.48
50,42,22.44
50,41,54.9
51,40,49.28
51,41,42.64
51,42,36.96
51,43,56.72
51,44,63.52
51,45,36.82
51,46,12.38
51,47,3.66
51,48,3.44
51,49,3.6
51,50,3.46
51,51,3.4
51,52,10.44
51,53,43.08
51,54,32.22
51,55,17.14
51,56,3.52
51,57,4.32
51,58,3.62
51,59,3.62
51,60,3.5
51,61,3.62
51,62,3.64
51,63,3.72
51,64,3.78
51,65,3.94
51,66,3.5
51,67,3.76
51,68,3.48
51,69,3.64
51,70,4.6
51,71,3.54
51,72,3.74
51,73,3.54
51,74,3.72
51,75,4.94
51,76,3.78
51,77,3.62
51,78,3.6
51,79,3.54
51,80,3.64
51,81,3.62
51,82,3.72
51,83,3.82
51,84,4.52
51,85,3.38
51,86,3.64
51,87,3.62
51,88,3.5
51,89,4.16
51,90,3.84
51,91,3.5
51,92,3.36
51,93,3.72
51,94,43.14
51,95,28.38
51,96,15.64
51,97,3.6
51,98,3.4
51,99,3.66
51,100,3.62
51,101,4.26
51,102,123.72
51,103,134.46
51,104,137.16
51,105,136.82
51,106,138.7
51,107,137.0
51,108,137.72
51,109,133.54
51,110,133.5
51,111,132.98
51,112,133.26
51,113,133.04
51,114,132.98
51,115,131.86
51,116,131.82
51,117,129.62
51,118,131.5
51,119,129.72
51,120,129.4
51,121,129.94
51,122,129.1
51,123,129.52
51,124,129.62
52,125,129.22
52,124,133.18
52,123,133.5
52,122,129.44
52,121,129.68
52,120,130.46
52,119,130.66
52,118,130.92
52,117,133.52
52,116,133.36
52,115,133.14
52,114,133.68
52,113,133.4
52,112,133.36
52,111,133.24
52,110,133.18
52,109,133.4
52,108,136.44
52,107,140.62
52,106,145.7
52,105,150.1
52,104,152.52
52,103,146.18
52,102,140.7
52,101,137.34
52,100,133.4
52,99,75.14
52,98,7.62
52,97,3.8
52,96,3.42
52,95,3.72
52,94,5.3
52,93,3.7
52,92,3.6
52,91,3.56
52,90,3.74
52,89,3.58
52,88,5.62
52,87,3.88
52,86,3.8
52,85,3.52
52,84,3.52
52,83,3.48
52,82,3.58
52,81,3.54
52,80,4.04
52,79,3.54
52,78,3.34
52,77,3.62
52,76,3.6
52,75,3.8
52,74,3.5
52,73,3.6
52,72,3.64
52,71,4.66
52,70,3.56
52,69,3.56
52,68,3.44
52,67,3.66
52,66,3.5
52,65,3.6
52,64,3.58
52,63,3.54
52,62,3.66
52,61,3.5
52,60,3.56
52,59,3.32
52,58,5.44
52,57,3.5
52,56,3.56
52,55,3.54
52,54,6.52
52,53,21.34
52,52,41.6
52,51,18.94
52,50,3.62
52,49,3.66
52,48,3.42
52,47,3.54
52,46,3.72
52,45,3.6
52,44,4.42
52,43,24.06
52,42,75.38
52,41,63.94
53,40,30.58
53,41,45.28
53,42,37.14
53,43,47.58
53,44,68.2
53,45,41.38
53,46,7.94
53,47,5.38
53,48,3.44
53,49,3.9
53,50,3.68
53,51,3.54
53,52,3.46
53,53,12.6
53,54,57.1
53,55,46.82
53,56,12.5
53,57,3.74
53,58,5.0
53,59,3.48
53,60,3.66
53,61,3.72
53,62,3.58
53,63,3.36
53,64,3.64
53,65,3.96
53,66,3.48
53,67,3.62
53,68,3.7
53,69,3.38
53,70,3.56
53,71,3.56
53,72,3.44
53,73,3.86
53,74,3.4
53,75,3.56
53,76,3.76
53,77,3.74
53,78,3.48
53,79,3.7
53,80,3.78
53,81,5.34
53,82,3.62
53,83,3.62
53,84,3.7
53,85,3.78
53,86,3.5
53,87,3.84
53,88,3.5
53,89,3.74
53,90,3.7
53,91,3.64
53,92,3.48
53,93,3.5
53,94,3.68
53,95,3.58
53,96,4.18
53,97,3.74
53,98,3.64
53,99,3.4
53,100,3.64
53,101,4.06
53,102,127.0
53,103,132.56
53,104,136.4
53,105,137.24
53,106,140.9
53,107,140.92
53,108,144.7
53,109,144.12
53,110,143.7
53,111,137.4
53,112,137.2
53,113,139.38
53,114,137.1
53,115,139.8
53,116,137.32
53,117,137.1
53,118,137.04
53,119,137.22
53,120,136.98
53,121,134.2
53,122,134.42
53,123,136.0
53,124,137.0
54,125,136.76
54,124,136.7
54,123,137.12
54,122,136.46
54,121,133.54
54,120,133.42
54,119,133.42
54,118,133.42
54,117,133.94
54,116,137.4
54,115,134.64
54,114,137.04
54,113,137.38
54,112,135.74
54,111,136.4
54,110,134.88
54,109,134.7
54,108,137.36
54,107,140.96
54,106,137.96
54,105,132.94
54,104,129.72
54,103,129.84
54,102,131.46
54,101,131.34
54,100,126.78
54,99,54.9
54,98,3.46
54,97,3.68
54,96,3.74
54,95,3.66
54,94,3.46
54,93,3.6
54,92,3.62
54,91,3.74
54,90,3.96
54,89,3.56
54,88,3.52
54,87,3.5
54,86,3.52
54,85,3.54
54,84,3.72
54,83,3.44
54,82,3.44
54,81,4.28
54,80,3.44
54,79,3.52
54,78,3.52
54,77,3.58
54,76,3.34
54,75,3.6
54,74,3.36
54,73,3.88
54,72,3.46
54,71,3.72
54,70,3.54
54,69,3.44
54,68,3.64
54,67,3.74
54,66,5.32
54,65,3.6
54,64,3.62
54,63,3.6
54,62,3.54
54,61,3.62
54,60,4.48
54,59,3.62
54,58,3.52
54,57,3.6
54,56,3.44
54,55,4.42
54,54,36.18
54,53,38.16
54,52,54.6
54,51,27.84
54,50,3.54
54,49,3.54
54,48,3.58
54,47,3.98
54,46,3.3
54,45,3.78
54,44,10.2
54,43,68.66
54,42,75.88
54,41,61.24
55,40,40.84
55,41,46.86
55,42,48.12
55,43,56.74
55,44,70.38
55,45,49.6
55,46,27.52
55,47,9.92
55,48,3.44
55,49,3.76
55,50,5.62
55,51,3.58
55,52,3.52
55,53,3.96
55,54,42.3
55,55,45.86
55,56,27.28
55,57,5.14
55,58,3.4
55,59,3.5
55,60,3.72
55,61,3.54
55,62,3.78
55,63,3.7
55,64,3.74
55,65,3.64
55,66,3.5
55,67,3.78
55,68,3.72
55,69,3.52
55,70,3.54
55,71,3.74
55,72,3.62
55,73,3.62
55,74,3.76
55,75,5.36
55,76,3.52
55,77,3.4
55,78,3.48
55,79,3.62
55,80,3.72
55,81,3.5
55,82,3.48
55,83,4.44
55,84,3.46
55,85,3.74
55,86,3.9
55,87,3.78
55,88,3.36
55,89,37.9
55,90,231.96
55,91,174.04
55,92,4.48
55,93,3.58
55,94,3.74
55,95,3.58
55,96,3.7
55,97,3.98
55,98,3.44
55,99,3.52
55,100,3.58
55,101,4.02
55,102,109.32
55,103,127.58
55,104,127.66
55,105,130.18
55,106,126.42
55,107,126.26
55,108,135.9
55,109,136.72
55,110,137.04
55,111,137.0
55,112,137.12
55,113,136.78
55,114,137.38
55,115,137.28
55,116,140.88
55,117,143.84
55,118,144.56
55,119,137.16
55,120,135.54
55,121,133.4
55,122,130.56
55,123,130.06
55,124,133.38
56,125,133.02
56,124,132.94
56,123,133.78
56,122,133.32
56,121,134.16
56,120,132.96
56,119,134.2
56,118,137.54
56,117,137.52
56,116,136.96
56,115,141.66
56,114,137.24
56,113,133.46
56,112,133.3
56,111,133.36
56,110,130.8
56,109,133.04
56,108,132.36
56,107,128.02
56,106,121.72
56,105,119.42
56,104,121.84
56,103,124.94
56,102,126.92
56,101,124.66
56,100,115.16
56,99,3.56
56,98,3.66
56,97,3.48
56,96,3.56
56,95,3.6
56,94,3.52
56,93,3.52
56,92,3.72
56,91,3.62
56,90,19.14
56,89,147.26
56,88,218.52
56,87,96.48
56,86,3.54
56,85,4.58
56,84,3.64
56,83,3.4
56,82,3.66
56,81,3.64
56,80,3.68
56,79,3.32
56,78,3.42
56,77,4.46
56,76,3.52
56,75,3.66
56,74,3.52
56,73,3.5
56,72,3.76
56,71,3.64
56,70,3.76
56,69,3.58
56,68,3.96
56,67,3.46
56,66,3.74
56,65,6.62
56,64,3.66
56,63,3.4
56,62,4.04
56,61,3.3
56,60,3.66
56,59,3.52
56,58,3.44
56,57,3.88
56,56,3.62
56,55,11.64
56,54,49.22
56,53,47.98
56,52,47.92
56,51,6.1
56,50,3.52
56,49,3.54
56,48,3.68
56,47,3.42
56,46,3.64
56,45,6.24
56,44,25.04
56,43,70.16
56,42,77.02
56,41,41.0
57,40,48.34
57,41,42.5
57,42,36.6
57,43,55.5
57,44,54.18
57,45,59.2
57,46,54.78
57,47,21.38
57,48,4.92
57,49,3.36
57,50,3.76
57,51,3.52
57,52,3.72
57,53,5.18
57,54,45.22
57,55,64.9
57,56,39.5
57,57,59.12
57,58,10.26
57,59,3.84
57,60,3.38
57,61,3.36
57,62,3.4
57,63,3.5
57,64,4.7
57,65,3.64
57,66,3.58
57,67,3.38
57,68,4.32
57,69,3.48
57,70,3.74
57,71,3.52
57,72,3.72
57,73,3.44
57,74,3.4
57,75,3.74
57,76,3.98
57,77,4.78
57,78,3.6
57,79,3.74
57,80,4.3
57,81,3.46
57,82,3.7
57,83,3.5
57,84,5.06
57,85,4.32
57,86,6.7
57,87,9.58
57,88,20.04
57,89,63.28
57,90,230.06
57,91,231.6
57,92,123.26
57,93,62.92
57,94,76.18
57,95,43.96
57,96,17.4
57,97,4.02
57,98,3.7
57,99,3.78
57,100,3.76
57,101,7.44
57,102,99.92
57,103,133.58
57,104,129.26
57,105,129.58
57,106,124.22
57,107,117.84
57,108,113.84
57,109,113.16
57,110,117.68
57,111,119.5
57,112,121.78
57,113,121.76
57,114,122.3
57,115,125.62
57,116,125.38
57,117,125.38
57,118,125.24
57,119,128.38
57,120,136.74
57,121,136.18
57,122,135.42
57,123,133.48
57,124,135.98
58,125,129.26
58,124,124.16
58,123,125.68
58,122,129.8
58,121,127.4
58,120,125.9
58,119,125.8
58,118,125.58
58,117,126.02
58,116,121.94
58,115,119.36
58,114,117.64
58,113,121.18
58,112,123.2
58,111,124.22
58,110,123.52
58,109,127.88
58,108,125.8
58,107,121.74
58,106,123.08
58,105,124.24
58,104,125.46
58,103,125.52
58,102,119.68
58,101,117.58
58,100,101.2
58,99,104.14
58,98,104.26
58,97,105.88
58,96,108.14
58,95,112.8
58,94,115.72
58,93,130.78
58,92,146.32
58,91,151.72
58,90,148.54
58,89,136.2
58,88,133.64
58,87,137.36
58,86,135.02
58,85,134.16
58,84,131.04
58,83,126.3
58,82,116.48
58,81,104.56
58,80,100.52
58,79,91.4
58,78,87.34
58,77,85.28
58,76,88.24
58,75,83.5
58,74,85.14
58,73,87.8
58,72,84.5
58,71,82.36
58,70,87.26
58,69,81.22
58,68,83.18
58,67,80.92
58,66,77.4
58,65,88.9
58,64,80.62
58,63,87.5
58,62,79.28
58,61,81.26
58,60,80.32
58,59,80.34
58,58,79.02
58,57,75.6
58,56,69.42
58,55,65.88
58,54,52.94
58,53,55.32
58,52,51.88
58,51,58.06
58,50,55.64
58,49,66.66
58,48,48.84
58,47,24.88
58,46,33.3
58,45,25.74
58,44,20.22
58,43,38.8
58,42,42.26
58,41,47.4
59,40,42.1
59,41,38.94
59,42,50.48
59,43,48.58
59,44,47.7
59,45,28.28
59,46,21.28
59,47,31.92
59,48,20.72
59,49,49.94
59,50,45.06
59,51,54.74
59,52,53.72
59,53,64.28
59,54,50.52
59,55,41.22
59,56,44.22
59,57,51.46
59,58,54.6
59,59,68.98
59,60,61.4
59,61,70.38
59,62,64.64
59,63,63.1
59,64,67.62
59,65,71.54
59,66,66.56
59,67,65.12
59,68,65.42
59,69,68.8
59,70,67.64
59,71,75.56
59,72,70.42
59,73,74.1
59,74,72.08
59,75,68.76
59,76,69.62
59,77,77.88
59,78,74.96
59,79,75.2
59,80,78.32
59,81,79.78
59,82,84.56
59,83,98.1
59,84,112.68
59,85,127.6
59,86,145.74
59,87,151.76
59,88,158.68
59,89,171.22
59,90,197.98
59,91,212.72
59,92,245.96
59,93,258.46
59,94,258.74
59,95,149.26
59,96,102.08
59,97,84.84
59,98,86.0
59,99,83.46
59,100,85.46
59,101,86.28
59,102,94.82
59,103,114.4
59,104,121.54
59,105,125.28
59,106,126.72
59,107,129.62
59,108,127.26
59,109,125.12
59,110,126.1
59,111,125.16
59,112,127.34
59,113,125.5
59,114,127.04
59,115,128.2
59,116,125.46
59,117,122.66
59,118,125.72
59,119,125.54
59,120,124.12
59,121,122.08
59,122,123.26
59,123,126.6
59,124,129.56
60,125,119.32
60,124,112.98
60,123,114.94
60,122,123.1
60,121,128.82
60,120,125.44
60,119,125.62
60,118,128.08
60,117,132.72
60,116,133.04
60,115,133.16
60,114,135.36
60,113,137.58
60,112,140.54
60,111,140.52
60,110,140.82
60,109,144.86
60,108,140.68
60,107,140.86
60,106,142.08
60,105,132.98
60,104,124.88
60,103,120.44
60,102,120.02
60,101,111.5
60,100,88.44
60,99,82.96
60,98,80.84
60,97,82.26
60,96,82.92
60,95,86.94
60,94,93.42
60,93,183.02
60,92,267.44
60,91,307.32
60,90,309.78
60,89,310.02
60,88,309.88
60,87,309.6
60,86,309.04
60,85,306.28
60,84,298.54
60,83,287.84
60,82,259.12
60,81,183.7
60,80,110.34
60,79,81.46
60,78,83.6
60,77,75.44
60,76,70.04
60,75,71.0
60,74,72.24
60,73,69.74
60,72,73.32
60,71,73.42
60,70,69.88
60,69,70.7
60,68,67.48
60,67,72.98
60,66,66.94
60,65,67.44
60,64,64.76
60,63,65.14
60,62,62.74
60,61,60.88
60,60,67.48
60,59,60.0
60,58,62.84
60,57,57.16
60,56,60.74
60,55,51.66
60,54,43.84
60,53,57.66
60,52,42.12
60,51,52.92
60,50,43.8
60,49,67.3
60,48,38.86
60,47,44.48
60,46,29.18
60,45,44.5
60,44,25.42
60,43,21.94
60,42,28.68
60,41,44.9
61,40,45.56
61,41,53.56
61,42,47.88
61,43,49.52
61,44,28.42
61,45,15.16
61,46,24.08
61,47,37.28
61,48,30.72
61,49,47.66
61,50,41.46
61,51,33.88
61,52,56.92
61,53,48.64
61,54,49.5
61,55,46.72
61,56,59.06
61,57,67.16
61,58,55.84
61,59,54.12
61,60,64.48
61,61,64.38
61,62,64.88
61,63,61.66
61,64,61.82
61,65,63.86
61,66,66.3
61,67,66.46
61,68,67.1
61,69,71.18
61,70,64.5
61,71,73.48
61,72,68.68
61,73,73.44
61,74,69.1
61,75,71.62
61,76,71.58
61,77,74.82
61,78,72.06
61,79,72.88
61,80,73.22
61,81,79.84
61,82,90.56
61,83,155.82
61,84,252.92
61,85,287.26
61,86,302.3
61,87,305.92
61,88,309.68
61,89,309.98
61,90,310.02
61,91,309.9
61,92,307.98
61,93,304.04
61,94,290.76
61,95,154.66
61,96,98.12
61,97,84.34
61,98,82.68
61,99,82.96
61,100,81.72
61,101,82.62
61,102,87.04
61,103,99.44
61,104,114.76
61,105,120.32
61,106,125.54
61,107,132.02
61,108,139.34
61,109,144.62
61,110,145.1
61,111,148.58
61,112,148.7
61,113,147.78
61,114,144.7
61,115,143.3
61,116,145.12
61,117,144.64
61,118,145.16
61,119,144.56
61,120,140.5
61,121,133.88
61,122,127.36
61,123,126.46
61,124,128.38
62,125,112.84
62,124,105.84
62,123,107.42
62,122,111.56
62,121,112.72
62,120,117.24
62,119,138.3
62,118,199.46
62,117,250.44
62,116,254.2
62,115,246.32
62,114,229.54
62,113,210.12
62,112,203.54
62,111,243.1
62,110,247.4
62,109,235.36
62,108,213.22
62,107,185.7
62,106,159.66
62,105,145.26
62,104,127.48
62,103,122.24
62,102,117.04
62,101,107.96
62,100,89.14
62,99,82.86
62,98,85.28
62,97,84.1
62,96,86.18
62,95,82.86
62,94,91.78
62,93,133.72
62,92,226.3
62,91,295.42
62,90,302.54
62,89,302.48
62,88,302.5
62,87,297.66
62,86,295.36
62,85,294.1
62,84,289.88
62,83,289.12
62,82,284.72
62,81,269.8
62,80,188.36
62,79,99.58
62,78,82.44
62,77,75.52
62,76,73.32
62,75,73.32
62,74,73.16
62,73,70.62
62,72,69.66
62,71,71.2
62,70,63.52
62,69,72.58
62,68,68.38
62,67,69.1
62,66,65.18
62,65,67.08
62,64,66.08
62,63,63.86
62,62,62.58
62,61,59.76
62,60,54.04
62,59,62.72
62,58,60.56
62,57,52.42
62,56,53.5
62,55,53.58
62,54,45.46
62,53,58.54
62,52,55.86
62,51,54.62
62,50,39.44
62,49,36.88
62,48,41.4
62,47,37.26
62,46,23.2
62,45,29.22
62,44,15.72
62,43,8.24
62,42,9.26
62,41,34.66
63,40,47.58
63,41,45.42
63,42,48.96
63,43,38.82
63,44,27.5
63,45,16.04
63,46,20.4
63,47,16.52
63,48,25.96
63,49,42.1
63,50,48.58
63,51,47.42
63,52,47.8
63,53,49.98
63,54,46.66
63,55,51.0
63,56,56.84
63,57,65.66
63,58,53.56
63,59,56.66
63,60,59.8
63,61,54.7
63,62,61.58
63,63,66.84
63,64,63.78
63,65,63.54
63,66,65.78
63,67,64.78
63,68,68.48
63,69,63.52
63,70,69.1
63,71,69.58
63,72,70.9
63,73,72.16
63,74,76.16
63,75,71.88
63,76,73.28
63,77,73.58
63,78,73.92
63,79,75.14
63,80,77.12
63,81,91.6
63,82,136.7
63,83,239.28
63,84,280.12
63,85,285.6
63,86,290.1
63,87,291.46
63,88,295.42
63,89,297.7
63,90,302.44
63,91,302.42
63,92,302.66
63,93,297.56
63,94,282.44
63,95,129.64
63,96,92.56
63,97,86.26
63,98,84.02
63,99,82.8
63,100,85.34
63,101,84.08
63,102,87.9
63,103,94.84
63,104,114.22
63,105,122.76
63,106,143.22
63,107,187.06
63,108,262.56
63,109,290.96
63,110,316.38
63,111,337.76
63,112,346.42
63,113,340.44
63,114,335.28
63,115,337.8
63,116,338.96
63,117,344.02
63,118,351.66
63,119,347.86
63,120,294.9
63,121,205.34
63,122,116.46
63,123,110.68
63,124,109.88
64,125,107.26
64,124,106.38
64,123,105.66
64,122,111.58
64,121,123.88
64,120,134.96
64,119,181.18
64,118,314.58
64,117,354.4
64,116,369.68
64,115,380.8
64,114,383.46
64,113,382.04
64,112,379.98
64,111,375.5
64,110,367.28
64,109,357.5
64,108,357.1
64,107,357.34
64,106,357.38
64,105,351.2
64,104,287.66
64,103,181.54
64,102,118.56
64,101,107.12
64,100,90.94
64,99,86.14
64,98,88.3
64,97,87.56
64,96,83.8
64,95,82.1
64,94,86.62
64,93,96.84
64,92,170.36
64,91,295.34
64,90,304.26
64,89,308.36
64,88,305.52
64,87,301.38
64,86,297.58
64,85,295.7
64,84,293.78
64,83,291.44
64,82,286.88
64,81,278.56
64,80,210.94
64,79,110.48
64,78,86.34
64,77,78.96
64,76,76.26
64,75,75.56
64,74,74.84
64,73,72.82
64,72,73.82
64,71,75.26
64,70,72.24
64,69,73.28
64,68,69.64
64,67,69.18
64,66,67.18
64,65,68.68
64,64,68.1
64,63,71.16
64,62,66.1
64,61,65.06
64,60,65.24
64,59,64.0
64,58,61.22
64,57,60.26
64,56,48.4
64,55,56.9
64,54,59.42
64,53,57.68
64,52,57.52
64,51,48.52
64,50,47.28
64,49,41.48
64,48,55.34
64,47,51.46
64,46,25.26
64,45,33.9
64,44,30.76
64,43,25.16
64,42,20.12
64,41,14.64
65,40,40.04
65,41,46.1
65,42,47.98
65,43,26.0
65,44,19.58
65,45,26.12
65,46,46.08
65,47,33.82
65,48,38.08
65,49,40.04
65,50,55.82
65,51,45.26
65,52,51.34
65,53,60.5
65,54,62.12
65,55,58.22
65,56,54.02
65,57,60.56
65,58,53.46
65,59,60.22
65,60,52.24
65,61,58.04
65,62,64.88
65,63,61.96
65,64,65.5
65,65,64.38
65,66,66.34
65,67,67.46
65,68,68.54
65,69,67.56
65,70,69.8
65,71,71.56
65,72,68.86
65,73,73.32
65,74,74.86
65,75,77.16
65,76,72.4
65,77,78.1
65,78,76.54
65,79,76.72
65,80,80.6
65,81,118.42
65,82,201.86
65,83,271.14
65,84,287.6
65,85,289.96
65,86,293.66
65,87,296.22
65,88,297.76
65,89,304.16
65,90,306.0
65,91,309.66
65,92,307.06
65,93,294.72
65,94,236.56
65,95,92.76
65,96,90.26
65,97,82.68
65,98,84.1
65,99,86.54
65,100,87.18
65,101,87.32
65,102,86.96
65,103,89.14
65,104,115.5
65,105,127.64
65,106,234.5
65,107,325.84
65,108,353.5
65,109,353.28
65,110,353.62
65,111,357.44
65,112,362.06
65,113,372.36
65,114,373.9
65,115,373.8
65,116,372.22
65,117,369.22
65,118,368.0
65,119,364.46
65,120,329.88
65,121,265.92
65,122,148.4
65,123,128.0
65,124,108.48
66,125,103.42
66,124,107.14
66,123,105.96
66,122,102.26
66,121,119.22
66,120,136.82
66,119,200.08
66,118,328.58
66,117,362.88
66,116,364.96
66,115,365.16
66,114,365.14
66,113,365.5
66,112,364.94
66,111,365.14
66,110,361.86
66,109,361.56
66,108,359.58
66,107,357.38
66,106,354.78
66,105,345.92
66,104,293.46
66,103,178.64
66,102,122.18
66,101,103.5
66,100,87.42
66,99,88.02
66,98,87.76
66,97,86.38
66,96,87.5
66,95,86.4
66,94,83.84
66,93,90.58
66,92,114.62
66,91,270.88
66,90,303.84
66,89,309.9
66,88,309.7
66,87,309.26
66,86,303.08
66,85,297.64
66,84,295.7
66,83,293.62
66,82,289.7
66,81,285.56
66,80,238.54
66,79,134.56
66,78,94.5
66,77,80.84
66,76,76.16
66,75,77.64
66,74,77.68
66,73,74.62
66,72,77.04
66,71,74.86
66,70,76.32
66,69,70.36
66,68,71.1
66,67,69.1
66,66,67.14
66,65,71.4
66,64,67.28
66,63,64.46
66,62,70.7
66,61,64.16
66,60,63.44
66,59,66.92
66,58,60.14
66,57,63.8
66,56,54.74
66,55,52.98
66,54,56.82
66,53,51.6
66,52,55.04
66,51,50.5
66,50,53.64
66,49,60.84
66,48,45.7
66,47,55.3
66,46,29.8
66,45,40.4
66,44,32.16
66,43,26.46
66,42,38.18
66,41,23.36
67,40,31.42
67,41,41.8
67,42,39.98
67,43,17.28
67,44,25.46
67,45,23.76
67,46,38.9
67,47,45.34
67,48,60.16
67,49,47.32
67,50,48.36
67,51,48.52
67,52,55.64
67,53,54.28
67,54,50.68
67,55,53.56
67,56,51.22
67,57,62.38
67,58,57.2
67,59,56.92
67,60,59.74
67,61,56.98
67,62,65.58
67,63,68.14
67,64,63.5
67,65,67.32
67,66,67.86
67,67,69.96
67,68,71.16
67,69,68.7
67,70,68.58
67,71,69.82
67,72,71.94
67,73,75.48
67,74,75.54
67,75,75.58
67,76,75.56
67,77,75.48
67,78,75.52
67,79,80.68
67,80,91.66
67,81,183.18
67,82,263.2
67,83,287.66
67,84,294.02
67,85,297.86
67,86,302.46
67,87,305.06
67,88,306.96
67,89,309.92
67,90,313.52
67,91,313.46
67,92,305.68
67,93,275.14
67,94,155.76
67,95,87.98
67,96,86.92
67,97,88.78
67,98,86.9
67,99,87.6
67,100,87.34
67,101,88.32
67,102,90.56
67,103,93.22
67,104,118.34
67,105,173.02
67,106,302.56
67,107,348.62
67,108,363.0
67,109,363.44
67,110,365.4
67,111,365.24
67,112,368.44
67,113,369.32
67,114,369.16
67,115,369.04
67,116,370.98
67,117,372.54
67,118,372.66
67,119,370.9
67,120,349.62
67,121,270.96
67,122,141.98
67,123,120.44
67,124,100.06
68,125,116.74
68,124,120.04
68,123,117.86
68,122,104.86
68,121,100.56
68,120,124.34
68,119,153.94
68,118,321.68
68,117,369.2
68,116,372.3
68,115,372.46
68,114,372.56
68,113,372.76
68,112,371.24
68,111,368.66
68,110,368.86
68,109,368.38
68,108,365.3
68,107,364.94
68,106,365.08
68,105,356.64
68,104,320.06
68,103,223.02
68,102,116.42
68,101,101.12
68,100,88.78
68,99,88.18
68,98,90.56
68,97,89.1
68,96,87.7
68,95,86.46
68,94,86.78
68,93,89.6
68,92,109.84
68,91,258.3
68,90,301.46
68,89,313.44
68,88,313.34
68,87,311.18
68,86,309.36
68,85,306.06
68,84,304.66
68,83,302.24
68,82,295.54
68,81,293.6
68,80,281.62
68,79,189.04
68,78,107.36
68,77,79.7
68,76,76.42
68,75,77.8
68,74,75.56
68,73,72.06
68,72,75.14
68,71,71.24
68,70,72.64
68,69,72.12
68,68,71.82
68,67,70.68
68,66,67.58
68,65,69.78
68,64,69.22
68,63,60.9
68,62,64.84
68,61,63.26
68,60,67.56
68,59,64.74
68,58,67.82
68,57,58.14
68,56,59.14
68,55,63.58
68,54,58.06
68,53,61.38
68,52,62.72
68,51,53.04
68,50,60.54
68,49,47.84
68,48,42.9
68,47,37.6
68,46,44.9
68,45,39.06
68,44,38.8
68,43,22.7
68,42,17.44
68,41,19.86
69,40,24.28
69,41,35.64
69,42,25.84
69,43,26.2
69,44,19.5
69,45,29.46
69,46,37.3
69,47,55.6
69,48,36.8
69,49,57.22
69,50,37.1
69,51,54.12
69,52,48.18
69,53,56.5
69,54,50.98
69,55,56.14
69,56,53.76
69,57,54.7
69,58,55.14
69,59,59.54
69,60,62.28
69,61,66.98
69,62,64.3
69,63,66.68
69,64,63.28
69,65,66.44
69,66,66.34
69,67,64.36
69,68,64.2
69,69,66.92
69,70,72.32
69,71,71.74
69,72,71.26
69,73,72.54
69,74,74.52
69,75,74.46
69,76,75.44
69,77,78.88
69,78,78.94
69,79,80.88
69,80,98.52
69,81,230.3
69,82,275.94
69,83,294.12
69,84,298.4
69,85,302.36
69,86,306.1
69,87,305.96
69,88,309.38
69,89,313.32
69,90,316.92
69,91,316.04
69,92,299.22
69,93,256.68
69,94,180.76
69,95,90.02
69,96,89.66
69,97,87.04
69,98,83.7
69,99,86.36
69,100,86.34
69,101,89.02
69,102,90.1
69,103,93.56
69,104,126.84
69,105,211.3
69,106,339.9
69,107,360.08
69,108,366.28
69,109,368.92
69,110,368.86
69,111,368.72
69,112,369.1
69,113,372.5
69,114,369.38
69,115,368.86
69,116,368.94
69,117,365.2
69,118,365.2
69,119,360.72
69,120,328.36
69,121,207.18
69,122,127.84
69,123,108.66
69,124,101.7
70,125,110.2
70,124,114.34
70,123,115.5
70,122,111.86
70,121,95.48
70,120,119.62
70,119,161.68
70,118,276.12
70,117,345.52
70,116,355.58
70,115,357.22
70,114,357.7
70,113,361.52
70,112,365.32
70,111,365.22
70,110,364.96
70,109,364.96
70,108,367.6
70,107,365.16
70,106,365.2
70,105,363.64
70,104,336.38
70,103,259.2
70,102,113.9
70,101,98.46
70,100,90.4
70,99,89.74
70,98,87.78
70,97,87.62
70,96,87.44
70,95,91.26
70,94,89.38
70,93,90.14
70,92,96.88
70,91,227.86
70,90,286.32
70,89,311.02
70,88,316.92
70,87,315.68
70,86,309.84
70,85,309.52
70,84,306.04
70,83,305.32
70,82,302.38
70,81,297.42
70,80,287.14
70,79,240.22
70,78,136.24
70,77,82.66
70,76,77.14
70,75,75.48
70,74,74.64
70,73,76.94
70,72,75.46
70,71,74.26
70,70,71.24
70,69,70.74
70,68,69.04
70,67,71.52
70,66,68.46
70,65,69.76
70,64,69.64
70,63,64.9
70,62,67.84
70,61,65.7
70,60,61.72
70,59,56.44
70,58,61.46
70,57,58.52
70,56,59.36
70,55,53.06
70,54,48.8
70,53,53.94
70,52,52.16
70,51,47.28
70,50,40.56
70,49,46.14
70,48,49.0
70,47,48.6
70,46,42.08
70,45,35.16
70,44,37.08
70,43,32.36
70,42,29.6
70,41,14.72
71,40,17.2
71,41,29.46
71,42,26.46
71,43,23.96
71,44,35.52
71,45,39.96
71,46,45.54
71,47,43.4
71,48,45.28
71,49,47.92
71,50,51.78
71,51,41.38
71,52,50.02
71,53,51.42
71,54,45.72
71,55,50.94
71,56,54.66
71,57,49.9
71,58,61.06
71,59,60.8
71,60,62.94
71,61,62.6
71,62,64.18
71,63,63.88
71,64,60.18
71,65,64.82
71,66,65.26
71,67,65.44
71,68,63.78
71,69,67.48
71,70,70.74
71,71,74.28
71,72,70.68
71,73,74.46
71,74,72.68
71,75,74.52
71,76,74.58
71,77,74.12
71,78,78.66
71,79,82.1
71,80,122.5
71,81,270.6
71,82,289.8
71,83,297.5
71,84,302.46
71,85,305.26
71,86,306.94
71,87,309.72
71,88,309.72
71,89,313.58
71,90,313.38
71,91,304.82
71,92,250.4
71,93,173.3
71,94,110.6
71,95,84.06
71,96,85.2
71,97,85.7
71,98,86.66
71,99,86.24
71,100,87.98
71,101,87.82
71,102,86.7
71,103,86.66
71,104,104.2
71,105,155.66
71,106,239.62
71,107,278.22
71,108,289.72
71,109,294.1
71,110,320.88
71,111,344.16
71,112,324.9
71,113,307.5
71,114,308.6
71,115,310.06
71,116,314.46
71,117,318.4
71,118,334.7
71,119,353.54
71,120,315.84
71,121,205.52
71,122,118.32
71,123,100.48
71,124,105.14
72,125,121.82
72,124,124.18
72,123,123.84
72,122,113.72
72,121,102.66
72,120,107.12
72,119,124.28
72,118,189.16
72,117,339.14
72,116,360.34
72,115,336.42
72,114,331.72
72,113,331.64
72,112,334.16
72,111,336.04
72,110,342.52
72,109,371.52
72,108,369.0
72,107,338.98
72,106,303.04
72,105,282.82
72,104,214.52
72,103,147.38
72,102,106.68
72,101,90.84
72,100,85.72
72,99,86.04
72,98,86.2
72,97,85.94
72,96,85.64
72,95,86.52
72,94,87.08
72,93,85.92
72,92,86.04
72,91,131.1
72,90,220.4
72,89,283.74
72,88,306.04
72,87,308.72
72,86,302.56
72,85,302.44
72,84,302.48
72,83,302.42
72,82,297.28
72,81,294.1
72,80,288.48
72,79,266.02
72,78,217.66
72,77,81.52
72,76,75.34
72,75,74.56
72,74,73.72
72,73,72.68
72,72,74.18
72,71,71.82
72,70,70.66
72,69,68.32
72,68,68.46
72,67,68.2
72,66,66.12
72,65,66.54
72,64,63.24
72,63,65.66
72,62,61.06
72,61,57.62
72,60,62.36
72,59,56.04
72,58,61.82
72,57,56.7
72,56,53.74
72,55,54.52
72,54,51.48
72,53,52.98
72,52,52.14
72,51,46.94
72,50,41.28
72,49,48.82
72,48,50.72
72,47,41.78
72,46,45.86
72,45,44.74
72,44,41.32
72,43,37.84
72,42,47.52
72,41,46.2
73,40,39.66
73,41,30.72
73,42,21.12
73,43,54.86
73,44,49.58
73,45,46.98
73,46,49.78
73,47,43.8
73,48,35.26
73,49,36.38
73,50,30.02
73,51,37.1
73,52,56.96
73,53,46.04
73,54,41.72
73,55,43.9
73,56,47.08
73,57,47.88
73,58,49.32
73,59,49.54
73,60,53.32
73,61,53.56
73,62,53.62
73,63,52.68
73,64,57.54
73,65,57.16
73,66,61.26
73,67,55.76
73,68,65.12
73,69,66.28
73,70,67.72
73,71,66.7
73,72,68.42
73,73,67.2
73,74,70.5
73,75,70.6
73,76,73.56
73,77,74.3
73,78,72.4
73,79,74.12
73,80,132.98
73,81,237.8
73,82,262.56
73,83,272.82
73,84,275.32
73,85,275.02
73,86,271.4
73,87,271.9
73,88,276.58
73,89,283.42
73,90,276.98
73,91,255.66
73,92,178.62
73,93,114.08
73,94,85.24
73,95,83.5
73,96,83.92
73,97,83.58
73,98,85.9
73,99,87.6
73,100,86.16
73,101,86.12
73,102,85.6
73,103,88.4
73,104,96.64
73,105,123.26
73,106,193.68
73,107,277.92
73,108,347.68
73,109,375.94
73,110,383.0
73,111,376.44
73,112,380.6
73,113,419.24
73,114,421.78
73,115,405.14
73,116,376.76
73,117,384.28
73,118,387.22
73,119,366.0
73,120,293.14
73,121,154.42
73,122,94.3
73,123,96.62
73,124,108.06
74,125,110.38
74,124,119.24
74,123,118.32
74,122,112.32
74,121,104.42
74,120,92.52
74,119,101.1
74,118,166.34
74,117,363.92
74,116,400.26
74,115,405.96
74,114,417.52
74,113,427.16
74,112,430.68
74,111,427.36
74,110,417.4
74,109,399.36
74,108,390.72
74,107,390.44
74,106,373.24
74,105,321.44
74,104,175.2
74,103,106.26
74,102,86.74
74,101,82.06
74,100,81.68
74,99,79.64
74,98,81.6
74,97,78.46
74,96,79.84
74,95,79.72
74,94,77.66
74,93,77.88
74,92,81.02
74,91,86.28
74,90,121.3
74,89,192.9
74,88,268.56
74,87,274.98
74,86,267.36
74,85,259.1
74,84,255.26
74,83,252.5
74,82,253.24
74,81,249.88
74,80,239.48
74,79,203.62
74,78,135.56
74,77,68.68
74,76,66.48
74,75,66.42
74,74,65.64
74,73,65.38
74,72,63.62
74,71,60.34
74,70,58.4
74,69,62.02
74,68,53.74
74,67,58.24
74,66,56.26
74,65,53.52
74,64,51.56
74,63,50.54
74,62,47.62
74,61,46.3
74,60,44.98
74,59,48.98
74,58,43.8
74,57,39.54
74,56,36.46
74,55,39.98
74,54,44.22
74,53,42.92
74,52,41.02
74,51,35.82
74,50,35.48
74,49,34.22
74,48,28.42
74,47,30.84
74,46,41.08
74,45,58.56
74,44,45.7
74,43,62.28
74,42,58.2
74,41,66.78
75,40,84.64
75,41,80.9
75,42,71.84
75,43,107.92
75,44,94.1
75,45,77.92
75,46,80.56
75,47,72.26
75,48,58.52
75,49,34.38
75,50,33.56
75,51,28.66
75,52,23.82
75,53,24.4
75,54,30.64
75,55,34.56
75,56,26.38
75,57,40.88
75,58,29.18
75,59,32.68
75,60,33.42
75,61,43.32
75,62,36.82
75,63,41.7
75,64,42.78
75,65,40.08
75,66,42.62
75,67,40.84
75,68,44.86
75,69,51.72
75,70,45.28
75,71,49.28
75,72,50.08
75,73,53.0
75,74,49.16
75,75,48.32
75,76,48.98
75,77,59.16
75,78,58.82
75,79,61.72
75,80,97.16
75,81,204.1
75,82,253.56
75,83,265.76
75,84,267.94
75,85,272.9
75,86,282.2
75,87,284.96
75,88,289.92
75,89,290.16
75,90,278.02
75,91,200.64
75,92,95.08
75,93,69.0
75,94,66.56
75,95,63.44
75,96,64.54
75,97,68.68
75,98,68.3
75,99,67.8
75,100,70.46
75,101,71.06
75,102,70.18
75,103,71.22
75,104,75.98
75,105,108.28
75,106,231.86
75,107,339.46
75,108,392.24
75,109,394.18
75,110,397.64
75,111,405.0
75,112,396.72
75,113,383.72
75,114,387.12
75,115,396.06
75,116,414.9
75,117,412.76
75,118,408.32
75,119,394.58
75,120,337.6
75,121,161.08
75,122,94.68
75,123,104.64
75,124,116.02
76,125,125.4
76,124,121.42
76,123,121.58
76,122,117.34
76,121,110.1
76,120,134.1
76,119,226.5
76,118,357.76
76,117,414.3
76,116,421.18
76,115,422.44
76,114,418.46
76,113,419.14
76,112,423.98
76,111,419.62
76,110,414.8
76,109,408.54
76,108,408.52
76,107,402.1
76,106,397.64
76,105,393.64
76,104,303.06
76,103,194.68
76,102,91.52
76,101,81.04
76,100,80.58
76,99,80.36
76,98,78.88
76,97,78.74
76,96,75.72
76,95,74.88
76,94,78.9
76,93,72.82
76,92,74.68
76,91,75.86
76,90,94.74
76,89,174.66
76,88,298.16
76,87,313.42
76,86,314.98
76,85,306.2
76,84,298.58
76,83,292.54
76,82,290.12
76,81,290.18
76,80,286.22
76,79,267.42
76,78,180.82
76,77,76.64
76,76,65.34
76,75,66.72
76,74,61.2
76,73,61.2
76,72,63.48
76,71,55.12
76,70,58.58
76,69,56.72
76,68,57.52
76,67,49.88
76,66,59.02
76,65,52.1
76,64,54.06
76,63,49.5
76,62,50.66
76,61,47.14
76,60,46.38
76,59,45.92
76,58,53.8
76,57,43.36
76,56,42.92
76,55,38.92
76,54,33.34
76,53,33.38
76,52,35.48
76,51,27.86
76,50,17.38
76,49,24.74
76,48,17.06
76,47,38.92
76,46,53.58
76,45,79.5
76,44,95.26
76,43,123.18
76,42,128.62
76,41,120.56
77,40,71.06
77,41,45.78
77,42,52.76
77,43,101.76
77,44,117.36
77,45,129.78
77,46,121.68
77,47,97.24
77,48,51.68
77,49,29.02
77,50,21.52
77,51,23.64
77,52,19.42
77,53,28.08
77,54,39.02
77,55,27.22
77,56,31.76
77,57,35.9
77,58,44.98
77,59,45.46
77,60,39.16
77,61,47.82
77,62,48.34
77,63,40.04
77,64,45.36
77,65,43.14
77,66,49.58
77,67,57.44
77,68,52.68
77,69,45.84
77,70,53.82
77,71,55.5
77,72,59.54
77,73,53.62
77,74,55.44
77,75,55.3
77,76,61.5
77,77,57.8
77,78,69.84
77,79,89.5
77,80,167.14
77,81,294.66
77,82,306.22
77,83,303.96
77,84,302.64
77,85,306.5
77,86,313.36
77,87,318.62
77,88,320.84
77,89,318.56
77,90,285.46
77,91,201.52
77,92,91.96
77,93,72.94
77,94,70.6
77,95,73.2
77,96,77.32
77,97,76.14
77,98,80.2
77,99,76.74
77,100,76.84
77,101,80.06
77,102,78.96
77,103,84.04
77,104,135.82
77,105,219.2
77,106,359.28
77,107,388.22
77,108,401.56
77,109,401.46
77,110,401.42
77,111,404.86
77,112,407.2
77,113,412.08
77,114,411.78
77,115,403.96
77,116,399.18
77,117,406.26
77,118,410.5
77,119,408.58
77,120,399.14
77,121,338.6
77,122,183.9
77,123,128.32
77,124,117.0
78,125,123.24
78,124,131.8
78,123,130.08
78,122,124.1
78,121,117.22
78,120,157.06
78,119,266.08
78,118,370.88
78,117,408.56
78,116,409.96
78,115,408.44
78,114,406.4
78,113,389.38
78,112,373.06
78,111,373.4
78,110,383.76
78,109,403.14
78,108,404.7
78,107,402.62
78,106,401.4
78,105,395.44
78,104,359.54
78,103,286.7
78,102,142.02
78,101,91.06
78,100,86.34
78,99,80.04
78,98,78.58
78,97,79.98
78,96,76.9
78,95,73.48
78,94,75.7
78,93,76.58
78,92,71.94
78,91,72.1
78,90,82.82
78,89,123.82
78,88,288.78
78,87,320.14
78,86,324.34
78,85,328.26
78,84,324.44
78,83,320.34
78,82,313.54
78,81,308.12
78,80,309.76
78,79,303.6
78,78,263.24
78,77,117.76
78,76,76.1
78,75,67.28
78,74,53.76
78,73,57.52
78,72,60.66
78,71,56.28
78,70,59.92
78,69,56.76
78,68,58.12
78,67,51.64
78,66,44.04
78,65,48.74
78,64,49.6
78,63,48.04
78,62,40.26
78,61,45.46
78,60,49.3
78,59,39.5
78,58,44.2
78,57,37.06
78,56,30.68
78,55,46.36
78,54,22.74
78,53,23.52
78,52,26.48
78,51,7.18
78,50,19.7
78,49,6.78
78,48,10.12
78,47,5.86
78,46,23.28
78,45,73.38
78,44,106.2
78,43,120.98
78,42,93.48
78,41,66.12
79,40,44.46
79,41,35.64
79,42,31.46
79,43,50.88
79,44,84.66
79,45,112.5
79,46,131.24
79,47,88.66
79,48,32.5
79,49,9.4
79,50,20.44
79,51,8.02
79,52,14.3
79,53,17.02
79,54,34.42
79,55,19.64
79,56,21.34
79,57,9.74
79,58,37.88
79,59,35.2
79,60,38.6
79,61,32.62
79,62,43.36
79,63,39.3
79,64,34.88
79,65,57.2
79,66,52.64
79,67,50.5
79,68,49.46
79,69,47.82
79,70,51.44
79,71,51.56
79,72,51.0
79,73,56.38
79,74,55.36
79,75,64.86
79,76,56.58
79,77,62.0
79,78,78.26
79,79,126.14
79,80,249.26
79,81,304.74
79,82,310.22
79,83,307.78
79,84,313.42
79,85,320.28
79,86,329.48
79,87,332.84
79,88,331.86
79,89,329.9
79,90,299.46
79,91,170.02
79,92,84.36
79,93,79.32
79,94,81.68
79,95,74.68
79,96,75.84
79,97,76.02
79,98,80.34
79,99,79.24
79,100,78.42
79,101,83.68
79,102,86.74
79,103,88.54
79,104,162.78
79,105,230.32
79,106,366.76
79,107,393.64
79,108,401.72
79,109,401.38
79,110,402.46
79,111,404.96
79,112,396.22
79,113,372.78
79,114,375.4
79,115,392.36
79,116,409.72
79,117,412.1
79,118,412.04
79,119,408.5
79,120,391.78
79,121,341.06
79,122,160.14
79,123,132.36
79,124,123.8
80,125,130.1
80,124,136.68
80,123,137.84
80,122,132.34
80,121,128.12
80,120,163.04
80,119,255.68
80,118,355.02
80,117,403.12
80,116,416.4
80,115,416.7
80,114,416.36
80,113,415.96
80,112,408.4
80,111,408.02
80,110,404.98
80,109,408.84
80,108,402.68
80,107,395.0
80,106,394.2
80,105,402.96
80,104,377.04
80,103,309.24
80,102,161.86
80,101,111.56
80,100,87.12
80,99,83.32
80,98,80.68
80,97,80.9
80,96,82.68
80,95,72.72
80,94,74.98
80,93,74.76
80,92,76.64
80,91,80.78
80,90,97.74
80,89,154.88
80,88,329.12
80,87,347.4
80,86,342.94
80,85,344.36
80,84,342.88
80,83,339.32
80,82,334.88
80,81,330.62
80,80,321.68
80,79,318.82
80,78,305.06
80,77,172.86
80,76,93.6
80,75,74.36
80,74,65.36
80,73,59.36
80,72,61.84
80,71,51.8
80,70,60.6
80,69,54.78
80,68,61.78
80,67,52.04
80,66,49.6
80,65,54.38
80,64,46.86
80,63,54.4
80,62,38.52
80,61,43.26
80,60,42.22
80,59,22.24
80,58,27.62
80,57,33.16
80,56,35.9
80,55,30.22
80,54,18.74
80,53,16.32
80,52,6.98
80,51,4.66
80,50,3.72
80,49,4.22
80,48,5.44
80,47,4.48
80,46,15.86
80,45,53.58
80,44,88.7
80,43,96.8
80,42,58.2
80,41,34.52
81,40,34.32
81,41,37.54
81,42,38.08
81,43,26.12
81,44,31.52
81,45,44.54
81,46,63.4
81,47,43.12
81,48,4.32
81,49,3.7
81,50,3.58
81,51,3.8
81,52,3.86
81,53,3.6
81,54,3.9
81,55,3.84
81,56,3.94
81,57,8.58
81,58,3.64
81,59,10.46
81,60,7.34
81,61,9.2
81,62,8.06
81,63,5.82
81,64,11.92
81,65,11.98
81,66,12.28
81,67,28.98
81,68,38.44
81,69,18.0
81,70,32.42
81,71,20.74
81,72,21.56
81,73,26.54
81,74,31.88
81,75,36.14
81,76,42.02
81,77,71.66
81,78,165.5
81,79,254.42
81,80,312.58
81,81,321.08
81,82,324.62
81,83,326.14
81,84,330.14
81,85,334.0
81,86,325.48
81,87,321.52
81,88,328.58
81,89,344.18
81,90,327.58
81,91,251.3
81,92,105.48
81,93,65.62
81,94,67.14
81,95,59.14
81,96,54.34
81,97,61.96
81,98,60.76
81,99,66.8
81,100,66.6
81,101,65.82
81,102,71.34
81,103,93.48
81,104,248.5
81,105,334.1
81,106,403.18
81,107,421.7
81,108,423.92
81,109,417.54
81,110,406.58
81,111,405.84
81,112,420.3
81,113,439.2
81,114,441.56
81,115,441.66
81,116,444.9
81,117,448.18
81,118,446.02
81,119,448.08
81,120,443.9
81,121,409.38
81,122,261.82
81,123,237.32
81,124,222.14
82,125,289.42
82,124,309.88
82,123,308.04
82,122,314.28
82,121,318.54
82,120,347.4
82,119,404.84
82,118,443.3
82,117,458.34
82,116,458.86
82,115,460.66
82,114,462.12
82,113,462.2
82,112,462.38
82,111,462.44
82,110,462.42
82,109,455.26
82,108,448.1
82,107,453.02
82,106,461.54
82,105,456.1
82,104,433.74
82,103,395.78
82,102,246.52
82,101,124.28
82,100,58.46
82,99,46.08
82,98,49.9
82,97,43.0
82,96,41.38
82,95,36.84
82,94,33.2
82,93,29.2
82,92,40.1
82,91,56.16
82,90,79.34
82,89,236.8
82,88,328.4
82,87,338.94
82,86,342.88
82,85,329.38
82,84,331.04
82,83,333.18
82,82,336.42
82,81,330.08
82,80,326.6
82,79,322.06
82,78,318.78
82,77,307.1
82,76,239.52
82,75,113.8
82,74,32.1
82,73,4.48
82,72,5.78
82,71,7.36
82,70,5.46
82,69,3.78
82,68,3.76
82,67,3.98
82,66,3.36
82,65,3.64
82,64,3.76
82,63,3.76
82,62,3.68
82,61,3.48
82,60,3.62
82,59,3.48
82,58,3.72
82,57,3.72
82,56,4.0
82,55,3.42
82,54,4.8
82,53,3.64
82,52,3.62
82,51,3.54
82,50,3.72
82,49,3.82
82,48,3.8
82,47,3.78
82,46,3.84
82,45,5.4
82,44,38.48
82,43,24.14
82,42,21.48
82,41,24.9
83,40,33.02
83,41,37.68
83,42,41.16
83,43,34.84
83,44,27.04
83,45,17.2
83,46,11.12
83,47,7.72
83,48,3.98
83,49,3.84
83,50,3.56
83,51,4.18
83,52,3.56
83,53,3.72
83,54,3.74
83,55,3.92
83,56,3.42
83,57,4.02
83,58,4.0
83,59,3.88
83,60,3.8
83,61,3.86
83,62,3.96
83,63,3.84
83,64,3.86
83,65,3.66
83,66,3.94
83,67,3.92
83,68,3.46
83,69,3.58
83,70,3.74
83,71,4.36
83,72,3.76
83,73,3.52
83,74,3.6
83,75,4.0
83,76,4.26
83,77,151.16
83,78,338.36
83,79,335.6
83,80,327.72
83,81,328.26
83,82,328.52
83,83,332.5
83,84,341.8
83,85,349.84
83,86,361.72
83,87,379.58
83,88,374.4
83,89,354.94
83,90,346.06
83,91,325.24
83,92,151.64
83,93,91.12
83,94,63.32
83,95,62.46
83,96,62.7
83,97,93.16
83,98,113.62
83,99,128.96
83,100,151.94
83,101,166.28
83,102,187.12
83,103,244.52
83,104,421.96
83,105,446.46
83,106,448.3
83,107,448.76
83,108,447.98
83,109,444.66
83,110,443.36
83,111,441.38
83,112,441.76
83,113,437.66
83,114,434.64
83,115,434.78
83,116,432.6
83,117,430.96
83,118,430.94
83,119,428.48
83,120,432.56
83,121,450.96
83,122,483.26
83,123,490.58
83,124,487.32
84,125,472.62
84,124,465.98
84,123,464.48
84,122,469.48
84,121,470.36
84,120,473.42
84,119,466.0
84,118,447.46
84,117,421.76
84,116,417.0
84,115,417.44
84,114,417.2
84,113,417.1
84,112,416.94
84,111,417.04
84,110,418.04
84,109,417.0
84,108,417.16
84,107,418.74
84,106,420.52
84,105,420.52
84,104,420.7
84,103,420.38
84,102,420.5
84,101,428.78
84,100,359.6
84,99,311.5
84,98,283.2
84,97,260.74
84,96,221.52
84,95,204.92
84,94,180.26
84,93,164.26
84,92,157.94
84,91,172.42
84,90,215.48
84,89,373.14
84,88,387.08
84,87,400.38
84,86,430.02
84,85,434.5
84,84,413.28
84,83,389.7
84,82,370.14
84,81,369.02
84,80,362.48
84,79,351.88
84,78,345.62
84,77,320.44
84,76,317.42
84,75,268.84
84,74,3.9
84,73,3.74
84,72,3.66
84,71,3.46
84,70,3.66
84,69,3.7
84,68,3.72
84,67,3.94
84,66,3.52
84,65,3.74
84,64,3.34
84,63,3.62
84,62,3.62
84,61,3.66
84,60,3.64
84,59,3.72
84,58,3.8
84,57,3.74
84,56,3.74
84,55,3.78
84,54,3.78
84,53,3.46
84,52,3.92
84,51,3.9
84,50,3.86
84,49,3.88
84,48,3.9
84,47,3.7
84,46,3.82
84,45,3.52
84,44,4.26
84,43,11.08
84,42,22.42
84,41,37.66
85,40,38.86
85,41,34.3
85,42,33.56
85,43,28.72
85,44,36.76
85,45,19.92
85,46,13.66
85,47,4.5
85,48,4.34
85,49,4.74
85,50,3.7
85,51,3.78
85,52,3.64
85,53,3.52
85,54,4.1
85,55,4.04
85,56,4.16
85,57,3.52
85,58,3.68
85,59,3.86
85,60,4.0
85,61,3.66
85,62,4.08
85,63,3.92
85,64,3.66
85,65,3.96
85,66,3.84
85,67,4.58
85,68,3.86
85,69,4.08
85,70,4.02
85,71,3.6
85,72,4.0
85,73,3.68
85,74,3.84
85,75,3.98
85,76,3.98
85,77,116.62
85,78,326.58
85,79,339.76
85,80,367.66
85,81,390.9
85,82,394.88
85,83,394.44
85,84,390.64
85,85,390.66
85,86,390.9
85,87,389.86
85,88,386.24
85,89,381.82
85,90,380.16
85,91,410.38
85,92,458.52
85,93,459.88
85,94,476.12
85,95,512.78
85,96,527.5
85,97,538.38
85,98,532.62
85,99,523.84
85,100,520.16
85,101,518.5
85,102,518.38
85,103,505.46
85,104,451.72
85,105,431.2
85,106,414.14
85,107,412.42
85,108,412.6
85,109,412.3
85,110,412.62
85,111,416.46
85,112,416.3
85,113,416.08
85,114,415.88
85,115,416.34
85,116,417.24
85,117,417.0
85,118,417.06
85,119,420.84
85,120,424.22
85,121,426.8
85,122,424.04
85,123,424.3
85,124,424.4
86,125,420.48
86,124,420.58
86,123,420.7
86,122,420.88
86,121,420.78
86,120,420.28
86,119,420.7
86,118,423.54
86,117,420.52
86,116,419.06
86,115,417.04
86,114,417.06
86,113,416.28
86,112,416.0
86,111,416.04
86,110,415.92
86,109,416.34
86,108,412.72
86,107,412.68
86,106,412.8
86,105,412.5
86,104,416.48
86,103,428.78
86,102,462.48
86,101,482.56
86,100,491.64
86,99,494.5
86,98,497.54
86,97,499.68
86,96,507.08
86,95,508.56
86,94,511.56
86,93,513.98
86,92,512.9
86,91,515.84
86,90,505.84
86,89,434.6
86,88,375.22
86,87,369.44
86,86,365.46
86,85,365.7
86,84,365.28
86,83,362.16
86,82,364.54
86,81,365.52
86,80,365.76
86,79,365.78
86,78,361.48
86,77,352.2
86,76,336.38
86,75,272.78
86,74,3.76
86,73,4.04
86,72,3.9
86,71,3.66
86,70,3.84
86,69,3.94
86,68,3.6
86,67,3.6
86,66,3.58
86,65,3.84
86,64,3.64
86,63,3.9
86,62,4.16
86,61,5.02
86,60,5.44
86,59,4.74
86,58,4.06
86,57,3.84
86,56,4.12
86,55,3.86
86,54,4.74
86,53,3.72
86,52,3.72
86,51,3.9
86,50,3.56
86,49,3.6
86,48,3.74
86,47,3.76
86,46,3.7
86,45,3.78
86,44,3.72
86,43,23.38
86,42,29.96
86,41,32.06
87,40,36.28
87,41,38.72
87,42,28.2
87,43,37.8
87,44,29.36
87,45,22.72
87,46,5.26
87,47,4.74
87,48,3.66
87,49,4.06
87,50,3.66
87,51,3.88
87,52,3.64
87,53,3.74
87,54,3.86
87,55,3.96
87,56,3.68
87,57,3.9
87,58,3.64
87,59,3.98
87,60,3.9
87,61,5.8
87,62,3.84
87,63,3.56
87,64,3.96
87,65,4.06
87,66,4.0
87,67,3.4
87,68,3.52
87,69,4.64
87,70,4.92
87,71,5.42
87,72,3.86
87,73,4.1
87,74,3.84
87,75,4.04
87,76,4.24
87,77,114.04
87,78,332.06
87,79,331.96
87,80,332.2
87,81,335.7
87,82,337.34
87,83,339.56
87,84,339.64
87,85,343.82
87,86,348.12
87,87,350.36
87,88,354.22
87,89,361.02
87,90,388.16
87,91,429.2
87,92,448.54
87,93,448.28
87,94,447.32
87,95,443.0
87,96,441.88
87,97,441.84
87,98,440.44
87,99,437.06
87,100,432.94
87,101,430.96
87,102,431.3
87,103,428.16
87,104,424.2
87,105,420.58
87,106,413.78
87,107,412.84
87,108,412.5
87,109,412.52
87,110,412.52
87,111,412.72
87,112,415.18
87,113,416.5
87,114,416.64
87,115,415.9
87,116,416.08
87,117,417.26
87,118,417.06
87,119,417.48
87,120,417.62
87,121,418.36
87,122,420.78
87,123,420.6
87,124,420.44
88,125,417.08
88,124,417.58
88,123,417.32
88,122,417.02
88,121,417.18
88,120,419.42
88,119,417.08
88,118,417.62
88,117,417.54
88,116,417.38
88,115,416.8
88,114,416.64
88,113,416.28
88,112,416.22
88,111,416.94
88,110,416.38
88,109,413.86
88,108,412.46
88,107,412.24
88,106,409.24
88,105,409.12
88,104,408.68
88,103,409.7
88,102,408.64
88,101,409.18
88,100,407.76
88,99,405.56
88,98,405.22
88,97,405.52
88,96,405.36
88,95,404.56
88,94,401.66
88,93,401.78
88,92,401.88
88,91,401.78
88,90,401.98
88,89,400.34
88,88,378.96
88,87,365.36
88,86,351.84
88,85,349.78
88,84,346.58
88,83,343.02
88,82,339.48
88,81,335.44
88,80,332.0
88,79,327.94
88,78,324.14
88,77,320.94
88,76,325.16
88,75,328.46
88,74,14.8
88,73,3.64
88,72,3.82
88,71,4.28
88,70,5.78
88,69,3.96
88,68,5.48
88,67,3.66
88,66,3.56
88,65,3.8
88,64,3.86
88,63,3.88
88,62,3.76
88,61,3.96
88,60,3.44
88,59,3.86
88,58,3.84
88,57,3.74
88,56,3.88
88,55,3.84
88,54,3.74
88,53,3.76
88,52,3.82
88,51,3.68
88,50,3.86
88,49,5.74
88,48,3.74
88,47,3.74
88,46,3.48
88,45,3.74
88,44,4.3
88,43,29.54
88,42,32.06
88,41,30.22
89,40,37.34
89,41,40.96
89,42,42.9
89,43,34.36
89,44,26.74
89,45,32.42
89,46,7.58
89,47,3.98
89,48,4.3
89,49,4.1
89,50,5.36
89,51,3.98
89,52,3.86
89,53,3.72
89,54,3.98
89,55,4.06
89,56,4.26
89,57,3.82
89,58,5.7
89,59,4.48
89,60,3.54
89,61,4.08
89,62,3.98
89,63,4.88
89,64,4.32
89,65,3.72
89,66,3.9
89,67,3.98
89,68,4.12
89,69,4.2
89,70,5.1
89,71,4.16
89,72,4.08
89,73,4.22
89,74,4.0
89,75,4.1
89,76,4.18
89,77,289.78
89,78,314.92
89,79,317.74
89,80,319.2
89,81,325.08
89,82,330.6
89,83,334.58
89,84,338.46
89,85,342.88
89,86,346.62
89,87,348.78
89,88,352.64
89,89,356.58
89,90,362.64
89,91,368.86
89,92,372.64
89,93,374.66
89,94,376.58
89,95,383.96
89,96,384.0
89,97,388.62
89,98,391.08
89,99,394.5
89,100,398.18
89,101,398.02
89,102,402.54
89,103,405.52
89,104,408.86
89,105,409.0
89,106,408.88
89,107,408.88
89,108,408.64
89,109,412.94
89,110,412.62
89,111,412.4
89,112,412.84
89,113,416.4
89,114,416.78
89,115,416.42
89,116,416.74
89,117,416.38
89,118,417.42
89,119,417.44
89,120,417.74
89,121,417.52
89,122,417.86
89,123,418.06
89,124,417.98
90,125,417.68
90,124,417.72
90,123,417.38
90,122,417.38
90,121,417.6
90,120,418.24
90,119,417.94
90,118,417.82
90,117,417.3
90,116,416.6
90,115,416.74
90,114,413.4
90,113,413.2
90,112,415.26
90,111,412.98
90,110,414.32
90,109,412.86
90,108,412.98
90,107,413.28
90,106,410.64
90,105,409.68
90,104,409.3
90,103,408.84
90,102,406.06
90,101,405.74
90,100,402.3
90,99,398.64
90,98,396.06
90,97,394.2
90,96,390.12
90,95,387.76
90,94,384.22
90,93,380.52
90,92,379.78
90,91,372.82
90,90,369.24
90,89,367.88
90,88,359.72
90,87,355.96
90,86,350.34
90,85,347.46
90,84,343.86
90,83,341.2
90,82,337.46
90,81,333.42
90,80,329.4
90,79,325.08
90,78,321.24
90,77,316.22
90,76,310.32
90,75,302.96
90,74,29.9
90,73,3.96
90,72,4.14
90,71,4.18
90,70,6.12
90,69,3.98
90,68,3.76
90,67,3.96
90,66,4.12
90,65,3.68
90,64,3.72
90,63,3.82
90,62,4.02
90,61,3.86
90,60,4.18
90,59,3.76
90,58,3.52
90,57,4.14
90,56,3.86
90,55,5.56
90,54,4.06
90,53,3.68
90,52,3.68
90,51,3.86
90,50,3.78
90,49,3.46
90,48,3.86
90,47,3.64
90,46,4.06
90,45,5.62
90,44,3.96
90,43,15.22
90,42,24.52
90,41,33.82
91,40,38.28
91,41,35.18
91,42,34.16
91,43,31.48
91,44,36.14
91,45,19.52
91,46,4.1
91,47,5.24
91,48,3.78
91,49,3.74
91,50,3.54
91,51,4.0
91,52,3.72
91,53,4.72
91,54,4.14
91,55,3.98
91,56,3.84
91,57,4.18
91,58,4.42
91,59,4.38
91,60,3.68
91,61,4.04
91,62,4.24
91,63,4.04
91,64,4.08
91,65,4.06
91,66,3.6
91,67,3.82
91,68,4.38
91,69,4.9
91,70,4.02
91,71,3.8
91,72,4.2
91,73,3.82
91,74,4.22
91,75,4.2
91,76,3.96
91,77,229.26
91,78,311.18
91,79,314.3
91,80,315.54
91,81,324.76
91,82,328.6
91,83,332.1
91,84,337.12
91,85,339.54
91,86,345.42
91,87,347.2
91,88,350.82
91,89,355.38
91,90,362.08
91,91,365.78
91,92,369.84
91,93,372.88
91,94,373.58
91,95,380.62
91,96,384.56
91,97,385.72
91,98,389.54
91,99,391.18
91,100,395.18
91,101,398.76
91,102,399.98
91,103,403.22
91,104,405.8
91,105,408.22
91,106,409.16
91,107,410.42
91,108,410.64
91,109,412.64
91,110,413.12
91,111,413.1
91,112,412.18
91,113,408.32
91,114,406.24
91,115,407.62
91,116,409.74
91,117,409.36
91,118,413.06
91,119,415.04
91,120,417.3
91,121,416.94
91,122,418.08
91,123,417.5
91,124,417.88
92,125,417.6
92,124,417.24
92,123,418.06
92,122,417.16
92,121,417.68
92,120,418.12
92,119,417.32
92,118,417.3
92,117,412.94
92,116,413.7
92,115,417.22
92,114,417.92
92,113,417.32
92,112,413.58
92,111,409.04
92,110,409.36
92,109,410.76
92,108,412.98
92,107,412.8
92,106,413.62
92,105,409.56
92,104,409.56
92,103,408.4
92,102,406.02
92,101,406.44
92,100,402.22
92,99,397.84
92,98,395.12
92,97,393.72
92,96,387.68
92,95,385.08
92,94,381.34
92,93,379.9
92,92,377.34
92,91,371.66
92,90,369.78
92,89,366.74
92,88,362.0
92,87,357.28
92,86,350.86
92,85,347.04
92,84,344.7
92,83,343.18
92,82,336.46
92,81,332.9
92,80,329.36
92,79,325.54
92,78,322.0
92,77,310.72
92,76,305.74
92,75,299.7
92,74,51.4
92,73,6.66
92,72,4.52
92,71,3.92
92,70,3.86
92,69,3.84
92,68,4.04
92,67,3.96
92,66,3.92
92,65,3.88
92,64,3.78
92,63,3.94
92,62,3.94
92,61,4.12
92,60,3.96
92,59,3.7
92,58,3.8
92,57,4.08
92,56,3.94
92,55,4.12
92,54,4.18
92,53,4.0
92,52,4.06
92,51,3.84
92,50,4.02
92,49,3.74
92,48,3.68
92,47,3.72
92,46,4.14
92,45,3.5
92,44,3.86
92,43,12.86
92,42,31.5
92,41,38.0
93,40,28.36
93,41,37.22
93,42,31.12
93,43,32.04
93,44,30.88
93,45,9.34
93,46,4.82
93,47,4.68
93,48,4.18
93,49,4.32
93,50,4.26
93,51,3.8
93,52,3.72
93,53,4.16
93,54,3.82
93,55,4.22
93,56,3.84
93,57,3.7
93,58,3.62
93,59,3.94
93,60,4.26
93,61,4.02
93,62,3.9
93,63,4.2
93,64,4.04
93,65,4.24
93,66,4.44
93,67,3.96
93,68,4.26
93,69,4.28
93,70,3.86
93,71,4.26
93,72,3.84
93,73,4.28
93,74,4.12
93,75,4.02
93,76,4.24
93,77,254.24
93,78,300.8
93,79,308.46
93,80,317.3
93,81,324.4
93,82,328.9
93,83,332.84
93,84,336.18
93,85,342.16
93,86,346.02
93,87,347.78
93,88,351.94
93,89,356.32
93,90,360.24
93,91,364.52
93,92,368.8
93,93,370.24
93,94,374.56
93,95,380.54
93,96,383.22
93,97,384.74
93,98,388.08
93,99,391.38
93,100,395.16
93,101,398.76
93,102,400.52
93,103,401.98
93,104,405.46
93,105,405.78
93,106,406.82
93,107,409.16
93,108,412.88
93,109,413.38
93,110,412.9
93,111,409.16
93,112,410.8
93,113,416.96
93,114,417.74
93,115,417.96
93,116,417.78
93,117,418.22
93,118,417.48
93,119,416.86
93,120,416.96
93,121,418.12
93,122,417.52
93,123,418.1
93,124,418.26
94,125,417.64
94,124,417.42
94,123,417.4
94,122,417.48
94,121,417.78
94,120,417.9
94,119,417.38
94,118,417.74
94,117,421.52
94,116,418.1
94,115,415.38
94,114,413.54
94,113,413.58
94,112,415.9
94,111,417.3
94,110,418.2
94,109,416.08
94,108,412.98
94,107,413.32
94,106,412.9
94,105,409.72
94,104,409.8
94,103,408.58
94,102,406.0
94,101,404.38
94,100,399.78
94,99,398.32
94,98,395.42
94,97,391.54
94,96,388.1
94,95,385.66
94,94,382.08
94,93,380.6
94,92,376.58
94,91,370.12
94,90,368.5
94,89,365.84
94,88,359.66
94,87,355.52
94,86,350.66
94,85,347.2
94,84,345.68
94,83,343.22
94,82,337.34
94,81,333.5
94,80,329.58
94,79,325.54
94,78,320.16
94,77,308.3
94,76,295.9
94,75,260.58
94,74,9.3
94,73,3.68
94,72,4.1
94,71,4.06
94,70,3.96
94,69,3.84
94,68,3.88
94,67,4.08
94,66,3.88
94,65,3.84
94,64,4.24
94,63,3.54
94,62,4.12
94,61,3.72
94,60,3.78
94,59,4.46
94,58,3.84
94,57,3.72
94,56,3.96
94,55,4.12
94,54,3.92
94,53,4.0
94,52,4.22
94,51,4.04
94,50,3.82
94,49,3.9
94,48,4.0
94,47,4.0
94,46,3.96
94,45,3.66
94,44,4.0
94,43,5.62
94,42,21.68
94,41,32.94
95,40,30.32
95,41,29.92
95,42,26.48
95,43,32.24
95,44,37.9
95,45,8.84
95,46,3.9
95,47,4.32
95,48,5.6
95,49,3.92
95,50,4.08
95,51,4.14
95,52,4.26
95,53,4.26
95,54,3.8
95,55,4.22
95,56,4.5
95,57,4.1
95,58,4.44
95,59,4.54
95,60,3.9
95,61,3.86
95,62,4.1
95,63,4.14
95,64,3.84
95,65,3.84
95,66,3.82
95,67,5.7
95,68,4.28
95,69,4.06
95,70,4.24
95,71,3.84
95,72,3.84
95,73,4.26
95,74,4.24
95,75,4.3
95,76,5.2
95,77,92.36
95,78,308.66
95,79,315.26
95,80,319.6
95,81,325.04
95,82,327.48
95,83,332.14
95,84,337.24
95,85,340.68
95,86,345.14
95,87,349.02
95,88,350.4
95,89,353.86
95,90,362.66
95,91,363.5
95,92,367.7
95,93,369.32
95,94,373.1
95,95,380.0
95,96,381.12
95,97,384.9
95,98,388.14
95,99,390.92
95,100,394.58
95,101,395.4
95,102,399.24
95,103,402.98
95,104,405.38
95,105,405.4
95,106,409.04
95,107,409.52
95,108,409.96
95,109,412.78
95,110,413.36
95,111,416.6
95,112,416.64
95,113,416.4
95,114,414.3
95,115,414.22
95,116,416.64
95,117,416.82
95,118,417.24
95,119,418.06
95,120,418.44
95,121,418.02
95,122,417.36
95,123,417.3
95,124,417.26
96,125,417.4
96,124,417.04
96,123,417.32
96,122,417.48
96,121,417.1
96,120,418.24
96,119,417.54
96,118,416.8
96,117,417.02
96,116,417.58
96,115,417.52
96,114,417.76
96,113,416.6
96,112,416.1
96,111,413.86
96,110,412.76
96,109,413.28
96,108,413.6
96,107,412.76
96,106,412.28
96,105,409.36
96,104,409.56
96,103,408.1
96,102,405.64
96,101,403.3
96,100,401.56
96,99,397.6
96,98,394.94
96,97,391.0
96,96,388.4
96,95,384.36
96,94,381.28
96,93,379.48
96,92,375.16
96,91,369.96
96,90,367.06
96,89,365.9
96,88,361.58
96,87,358.52
96,86,350.8
96,85,347.3
96,84,343.4
96,83,343.14
96,82,336.22
96,81,335.26
96,80,328.64
96,79,325.36
96,78,321.78
96,77,318.12
96,76,318.26
96,75,299.54
96,74,8.98
96,73,4.46
96,72,3.86
96,71,4.3
96,70,4.12
96,69,4.04
96,68,4.28
96,67,4.16
96,66,4.04
96,65,5.92
96,64,4.18
96,63,4.04
96,62,4.2
96,61,4.44
96,60,3.74
96,59,4.72
96,58,3.84
96,57,4.04
96,56,4.08
96,55,3.74
96,54,4.06
96,53,3.98
96,52,4.04
96,51,3.9
96,50,3.74
96,49,5.06
96,48,4.16
96,47,4.02
96,46,4.08
96,45,3.84
96,44,3.76
96,43,8.14
96,42,20.68
96,41,28.16
97,40,30.52
97,41,26.84
97,42,31.34
97,43,26.94
97,44,30.16
97,45,14.1
97,46,5.62
97,47,4.68
97,48,3.64
97,49,3.94
97,50,3.8
97,51,3.58
97,52,3.9
97,53,3.58
97,54,4.04
97,55,3.98
97,56,5.78
97,57,3.82
97,58,3.84
97,59,4.2
97,60,4.56
97,61,4.08
97,62,4.3
97,63,4.16
97,64,3.62
97,65,4.06
97,66,4.28
97,67,4.08
97,68,3.92
97,69,4.34
97,70,4.08
97,71,4.04
97,72,4.04
97,73,4.26
97,74,4.18
97,75,4.32
97,76,4.34
97,77,253.24
97,78,308.32
97,79,313.04
97,80,320.66
97,81,325.26
97,82,329.92
97,83,332.2
97,84,338.18
97,85,342.14
97,86,347.08
97,87,347.62
97,88,351.7
97,89,356.3
97,90,359.94
97,91,364.7
97,92,366.3
97,93,370.62
97,94,374.46
97,95,378.52
97,96,380.4
97,97,384.8
97,98,387.62
97,99,388.08
97,100,394.74
97,101,396.02
97,102,399.08
97,103,402.32
97,104,405.98
97,105,405.96
97,106,409.38
97,107,409.46
97,108,409.0
97,109,413.4
97,110,413.56
97,111,413.18
97,112,414.2
97,113,417.06
97,114,416.78
97,115,416.84
97,116,416.9
97,117,417.82
97,118,418.22
97,119,418.26
97,120,418.04
97,121,418.0
97,122,418.34
97,123,418.02
97,124,418.2
98,125,418.04
98,124,417.34
98,123,417.04
98,122,417.06
98,121,417.92
98,120,418.4
98,119,417.72
98,118,417.72
98,117,417.88
98,116,416.76
98,115,416.14
98,114,414.44
98,113,417.36
98,112,417.66
98,111,416.88
98,110,416.4
98,109,416.98
98,108,413.12
98,107,412.0
98,106,409.88
98,105,409.6
98,104,408.9
98,103,405.66
98,102,405.54
98,101,402.44
98,100,399.46
98,99,396.82
98,98,395.34
98,97,392.04
98,96,388.36
98,95,384.2
98,94,380.82
98,93,378.32
98,92,377.16
98,91,370.12
98,90,369.16
98,89,365.32
98,88,361.0
98,87,356.18
98,86,351.38
98,85,347.0
98,84,344.16
98,83,342.66
98,82,338.92
98,81,332.58
98,80,328.98
98,79,325.04
98,78,320.76
98,77,309.58
98,76,303.12
98,75,287.48
98,74,152.78
98,73,3.7
98,72,3.48
98,71,3.6
98,70,3.58
98,69,3.78
98,68,3.72
98,67,3.9
98,66,4.34
98,65,4.42
98,64,5.2
98,63,5.52
98,62,5.38
98,61,4.9
98,60,4.66
98,59,6.34
98,58,4.74
98,57,4.64
98,56,6.16
98,55,4.24
98,54,4.72
98,53,3.86
98,52,4.74
98,51,4.64
98,50,4.84
98,49,4.7
98,48,4.6
98,47,4.44
98,46,4.08
98,45,6.54
98,44,5.58
98,43,15.86
98,42,33.24
98,41,34.6
99,40,32.52
99,41,39.48
99,42,34.96
99,43,37.2
99,44,34.4
99,45,12.22
99,46,8.6
99,47,4.74
99,48,4.1
99,49,5.12
99,50,4.08
99,51,4.36
99,52,4.56
99,53,4.72
99,54,4.76
99,55,4.48
99,56,3.9
99,57,4.78
99,58,4.4
99,59,4.46
99,60,4.02
99,61,4.24
99,62,5.66
99,63,4.9
99,64,4.32
99,65,4.72
99,66,4.26
99,67,4.54
99,68,4.88
99,69,4.48
99,70,4.74
99,71,5.06
99,72,4.56
99,73,4.36
99,74,4.78
99,75,4.2
99,76,4.06
99,77,146.82
99,78,301.24
99,79,310.5
99,80,319.36
99,81,325.28
99,82,327.06
99,83,332.14
99,84,335.62
99,85,340.38
99,86,344.56
99,87,346.9
99,88,350.8
99,89,354.98
99,90,361.3
99,91,362.9
99,92,366.7
99,93,369.92
99,94,373.44
99,95,376.86
99,96,380.96
99,97,384.7
99,98,387.8
99,99,391.46
99,100,395.12
99,101,394.84
99,102,398.78
99,103,403.06
99,104,405.86
99,105,405.62
99,106,407.32
99,107,409.76
99,108,409.1
99,109,413.26
99,110,413.4
99,111,414.9
99,112,413.42
99,113,412.68
99,114,413.54
99,115,415.78
99,116,417.16
99,117,416.84
99,118,416.92
99,119,417.66
99,120,416.52
99,121,417.78
99,122,417.62
99,123,417.46
99,124,417.34
100,125,417.16
100,124,416.62
100,123,417.14
100,122,416.4
100,121,416.92
100,120,416.88
100,119,416.88
100,118,417.88
100,117,417.82
100,116,417.12
100,115,415.24
100,114,413.38
100,113,412.98
100,112,416.66
100,111,417.06
100,110,416.28
100,109,415.28
100,108,412.74
100,107,410.44
100,106,409.2
100,105,409.3
100,104,406.14
100,103,406.28
100,102,403.9
100,101,402.14
100,100,398.42
100,99,394.86
100,98,393.74
100,97,391.22
100,96,388.84
100,95,384.26
100,94,381.5
100,93,377.34
100,92,375.42
100,91,369.44
100,90,365.68
100,89,366.22
100,88,358.54
100,87,358.02
100,86,350.86
100,85,347.68
100,84,344.1
100,83,340.08
100,82,335.46
100,81,331.74
100,80,329.32
100,79,326.46
100,78,321.24
100,77,310.66
100,76,288.6
100,75,104.72
100,74,4.48
100,73,4.0
100,72,4.26
100,71,4.52
100,70,4.34
100,69,4.2
100,68,4.68
100,67,4.32
100,66,4.4
100,65,3.76
100,64,4.12
100,63,5.64
100,62,4.12
100,61,4.0
100,60,4.72
100,59,3.62
100,58,4.08
100,57,4.6
100,56,6.12
100,55,4.44
100,54,4.28
100,53,4.2
100,52,5.08
100,51,3.92
100,50,3.96
100,49,4.8
100,48,5.04
100,47,3.86
100,46,4.18
100,45,4.1
100,44,5.84
100,43,35.48
100,42,37.26
100,41,38.66
101,40,36.24
101,41,41.1
101,42,35.48
101,43,34.88
101,44,43.8
101,45,27.86
101,46,6.24
101,47,4.12
101,48,4.3
101,49,3.98
101,50,3.74
101,51,3.78
101,52,4.82
101,53,3.78
101,54,4.1
101,55,3.94
101,56,4.16
101,57,4.0
101,58,3.74
101,59,3.78
101,60,3.96
101,61,4.12
101,62,5.1
101,63,3.72
101,64,3.72
101,65,3.94
101,66,4.1
101,67,3.98
101,68,3.74
101,69,3.72
101,70,4.16
101,71,3.78
101,72,3.72
101,73,3.98
101,74,3.78
101,75,3.88
101,76,3.72
101,77,115.62
101,78,302.76
101,79,311.3
101,80,317.34
101,81,322.42
101,82,326.02
101,83,330.0
101,84,334.28
101,85,338.44
101,86,343.8
101,87,346.56
101,88,350.54
101,89,352.26
101,90,357.84
101,91,362.08
101,92,365.62
101,93,369.38
101,94,371.08
101,95,377.2
101,96,380.16
101,97,383.7
101,98,387.5
101,99,388.46
101,100,392.08
101,101,394.86
101,102,396.44
101,103,401.24
101,104,405.06
101,105,406.0
101,106,405.5
101,107,406.9
101,108,409.0
101,109,409.8
101,110,411.74
101,111,414.02
101,112,417.7
101,113,419.28
101,114,420.66
101,115,420.96
101,116,421.4
101,117,421.36
101,118,421.1
101,119,420.28
101,120,417.38
101,121,417.3
101,122,416.34
101,123,417.8
101,124,417.02
102,125,416.9
102,124,417.02
102,123,416.72
102,122,417.02
102,121,417.4
102,120,416.76
102,119,416.46
102,118,417.26
102,117,417.22
102,116,421.32
102,115,421.32
102,114,425.14
102,113,423.02
102,112,421.02
102,111,418.34
102,110,417.32
102,109,414.48
102,108,412.56
102,107,409.84
102,106,409.5
102,105,409.46
102,104,406.0
102,103,406.22
102,102,404.56
102,101,403.0
102,100,398.68
102,99,395.54
102,98,394.7
102,97,390.02
102,96,386.3
102,95,384.82
102,94,380.6
102,93,377.02
102,92,373.66
102,91,368.94
102,90,366.24
102,89,363.6
102,88,358.48
102,87,355.2
102,86,349.44
102,85,345.62
102,84,341.98
102,83,339.52
102,82,336.0
102,81,331.86
102,80,327.76
102,79,321.46
102,78,320.02
102,77,308.06
102,76,294.7
102,75,204.74
102,74,4.54
102,73,4.2
102,72,4.52
102,71,4.0
102,70,3.98
102,69,4.48
102,68,4.76
102,67,4.18
102,66,3.92
102,65,4.2
102,64,3.76
102,63,3.92
102,62,3.94
102,61,3.86
102,60,4.3
102,59,3.84
102,58,3.86
102,57,3.84
102,56,3.76
102,55,4.14
102,54,3.68
102,53,4.1
102,52,4.06
102,51,3.68
102,50,3.92
102,49,3.78
102,48,4.1
102,47,4.18
102,46,3.6
102,45,3.56
102,44,12.1
102,43,37.5
102,42,45.36
102,41,32.46
103,40,33.3
103,41,34.92
103,42,34.9
103,43,31.46
103,44,38.18
103,45,48.08
103,46,21.28
103,47,11.48
103,48,5.0
103,49,3.94
103,50,3.76
103,51,3.92
103,52,5.6
103,53,4.16
103,54,5.14
103,55,4.08
103,56,4.06
103,57,3.9
103,58,3.76
103,59,4.12
103,60,4.3
103,61,3.9
103,62,3.98
103,63,3.9
103,64,3.76
103,65,3.92
103,66,3.92
103,67,3.78
103,68,3.9
103,69,3.76
103,70,3.54
103,71,3.96
103,72,3.54
103,73,5.56
103,74,3.78
103,75,4.08
103,76,4.1
103,77,49.96
103,78,290.8
103,79,306.88
103,80,312.86
103,81,322.32
103,82,324.44
103,83,328.92
103,84,332.14
103,85,335.86
103,86,339.6
103,87,343.16
103,88,347.66
103,89,351.38
103,90,356.06
103,91,360.3
103,92,362.04
103,93,368.9
103,94,370.38
103,95,376.34
103,96,377.94
103,97,380.34
103,98,384.38
103,99,386.64
103,100,390.82
103,101,394.82
103,102,395.94
103,103,398.56
103,104,402.0
103,105,402.68
103,106,405.9
103,107,405.62
103,108,406.92
103,109,409.32
103,110,408.82
103,111,409.56
103,112,412.82
103,113,413.16
103,114,414.58
103,115,416.54
103,116,416.98
103,117,417.14
103,118,416.36
103,119,416.58
103,120,417.0
103,121,416.76
103,122,416.58
103,123,417.04
103,124,413.5
104,125,413.22
104,124,413.6
104,123,413.14
104,122,412.88
104,121,413.32
104,120,413.26
104,119,413.12
104,118,413.44
104,117,413.6
104,116,413.24
104,115,413.38
104,114,413.32
104,113,413.56
104,112,413.48
104,111,410.96
104,110,409.84
104,109,409.4
104,108,409.6
104,107,405.8
104,106,406.2
104,105,406.44
104,104,403.64
104,103,402.46
104,102,399.14
104,101,398.7
104,100,395.36
104,99,391.02
104,98,388.72
104,97,384.5
104,96,383.04
104,95,379.6
104,94,377.24
104,93,373.14
104,92,369.64
104,91,365.2
104,90,362.34
104,89,358.88
104,88,354.78
104,87,350.94
104,86,348.54
104,85,340.5
104,84,338.82
104,83,335.06
104,82,329.58
104,81,327.18
104,80,321.6
104,79,317.88
104,78,313.14
104,77,295.3
104,76,275.98
104,75,162.0
104,74,4.2
104,73,4.14
104,72,4.44
104,71,4.36
104,70,4.82
104,69,4.16
104,68,4.14
104,67,3.94
104,66,3.92
104,65,4.4
104,64,4.14
104,63,3.86
104,62,4.08
104,61,4.16
104,60,3.84
104,59,4.12
104,58,5.46
104,57,4.12
104,56,4.18
104,55,3.86
104,54,4.16
104,53,4.2
104,52,4.28
104,51,3.92
104,50,3.76
104,49,3.8
104,48,3.84
104,47,3.98
104,46,4.1
104,45,4.32
104,44,10.98
104,43,54.0
104,42,50.9
104,41,32.22
105,40,35.48
105,41,28.1
105,42,25.74
105,43,29.36
105,44,41.9
105,45,48.5
105,46,25.14
105,47,4.12
105,48,3.72
105,49,3.82
105,50,3.96
105,51,3.8
105,52,4.18
105,53,4.04
105,54,3.98
105,55,3.9
105,56,4.12
105,57,3.98
105,58,4.18
105,59,4.08
105,60,4.2
105,61,3.9
105,62,4.16
105,63,3.98
105,64,4.32
105,65,4.0
105,66,3.92
105,67,3.96
105,68,3.92
105,69,3.6
105,70,4.28
105,71,4.12
105,72,3.62
105,73,3.96
105,74,4.16
105,75,3.72
105,76,3.82
105,77,22.9
105,78,262.38
105,79,284.68
105,80,305.0
105,81,315.5
105,82,317.52
105,83,321.12
105,84,324.82
105,85,329.36
105,86,336.34
105,87,337.38
105,88,341.56
105,89,345.68
105,90,349.42
105,91,351.36
105,92,357.84
105,93,359.52
105,94,363.78
105,95,365.84
105,96,369.9
105,97,373.18
105,98,374.34
105,99,378.96
105,100,380.5
105,101,383.86
105,102,385.5
105,103,389.06
105,104,394.72
105,105,395.14
105,106,395.6
105,107,398.28
105,108,400.02
105,109,401.98
105,110,401.76
105,111,405.7
105,112,405.4
105,113,409.42
105,114,409.56
105,115,409.5
105,116,409.34
105,117,409.8
105,118,409.16
105,119,409.42
105,120,409.54
105,121,409.7
105,122,409.18
105,123,409.4
105,124,409.7
106,125,391.62
106,124,384.02
106,123,384.04
106,122,382.06
106,121,380.98
106,120,379.94
106,119,377.54
106,118,377.64
106,117,379.22
106,116,381.04
106,115,380.4
106,114,376.84
106,113,378.06
106,112,375.14
106,111,373.38
106,110,373.76
106,109,369.84
106,108,364.84
106,107,362.82
106,106,358.64
106,105,358.56
106,104,354.52
106,103,350.12
106,102,346.88
106,101,344.34
106,100,339.78
106,99,337.78
106,98,336.3
106,97,336.08
106,96,332.62
106,95,329.26
106,94,329.26
106,93,325.14
106,92,325.68
106,91,321.86
106,90,321.46
106,89,322.28
106,88,315.98
106,87,314.62
106,86,307.34
106,85,303.0
106,84,302.58
106,83,298.92
106,82,293.1
106,81,288.3
106,80,284.7
106,79,283.44
106,78,278.9
106,77,260.98
106,76,169.04
106,75,5.64
106,74,4.38
106,73,3.76
106,72,4.2
106,71,4.16
106,70,4.82
106,69,4.4
106,68,4.42
106,67,3.7
106,66,4.34
106,65,3.82
106,64,5.48
106,63,4.1
106,62,4.82
106,61,3.84
106,60,4.5
106,59,4.0
106,58,4.06
106,57,4.42
106,56,3.98
106,55,3.66
106,54,4.32
106,53,4.12
106,52,3.56
106,51,4.36
106,50,4.16
106,49,3.62
106,48,3.98
106,47,4.14
106,46,4.28
106,45,4.08
106,44,4.84
106,43,26.44
106,42,30.76
106,41,28.56
107,40,21.56
107,41,29.12
107,42,24.72
107,43,20.2
107,44,19.76
107,45,8.7
107,46,6.28
107,47,4.62
107,48,3.76
107,49,3.8
107,50,4.0
107,51,3.84
107,52,4.1
107,53,4.34
107,54,3.66
107,55,5.66
107,56,3.82
107,57,4.14
107,58,4.02
107,59,4.26
107,60,4.08
107,61,4.24
107,62,3.86
107,63,4.16
107,64,4.08
107,65,3.84
107,66,4.06
107,67,3.9
107,68,4.22
107,69,3.84
107,70,4.58
107,71,3.84
107,72,4.02
107,73,3.88
107,74,4.08
107,75,3.8
107,76,4.28
107,77,4.28
107,78,87.16
107,79,200.16
107,80,224.58
107,81,233.84
107,82,233.98
107,83,233.94
107,84,238.68
107,85,242.72
107,86,245.56
107,87,246.24
107,88,247.56
107,89,251.46
107,90,259.58
107,91,261.06
107,92,260.84
107,93,257.18
107,94,257.18
107,95,257.32
107,96,257.62
107,97,256.4
107,98,257.54
107,99,257.32
107,100,257.86
107,101,259.8
107,102,259.68
107,103,264.96
107,104,270.08
107,105,273.4
107,106,277.4
107,107,281.54
107,108,287.14
107,109,290.52
107,110,294.92
107,111,303.42
107,112,305.44
107,113,310.72
107,114,313.82
107,115,317.74
107,116,319.26
107,117,321.46
107,118,318.3
107,119,318.7
107,120,317.94
107,121,318.26
107,122,318.5
107,123,320.54
107,124,327.48
108,125,221.78
108,124,207.92
108,123,208.1
108,122,197.48
108,121,182.96
108,120,169.8
108,119,166.0
108,118,164.42
108,117,169.38
108,116,171.72
108,115,173.62
108,114,173.3
108,113,122.48
108,112,117.52
108,111,113.66
108,110,111.4
108,109,107.8
108,108,99.76
108,107,96.54
108,106,86.64
108,105,88.38
108,104,84.2
108,103,76.6
108,102,72.22
108,101,72.42
108,100,64.46
108,99,62.1
108,98,61.72
108,97,65.0
108,96,60.9
108,95,60.56
108,94,63.62
108,93,67.68
108,92,66.2
108,91,63.46
108,90,62.88
108,89,71.0
108,88,73.1
108,87,68.8
108,86,57.06
108,85,61.86
108,84,63.64
108,83,62.68
108,82,62.72
108,81,54.9
108,80,56.0
108,79,65.84
108,78,46.86
108,77,3.82
108,76,4.04
108,75,4.0
108,74,4.38
108,73,4.12
108,72,3.96
108,71,5.44
108,70,3.96
108,69,3.9
108,68,5.98
108,67,5.28
108,66,4.56
108,65,5.72
108,64,4.34
108,63,4.38
108,62,4.5
108,61,4.24
108,60,3.82
108,59,3.82
108,58,3.84
108,57,4.06
108,56,4.08
108,55,3.82
108,54,3.82
108,53,3.9
108,52,3.8
108,51,4.42
108,50,4.3
108,49,4.02
108,48,4.34
108,47,3.94
108,46,3.6
108,45,3.96
108,44,4.04
108,43,5.58
108,42,6.72
108,41,25.4
109,40,30.1
109,41,30.46
109,42,21.48
109,43,16.72
109,44,11.74
109,45,4.66
109,46,3.94
109,47,3.98
109,48,4.14
109,49,4.34
109,50,4.64
109,51,4.16
109,52,4.24
109,53,4.2
109,54,4.24
109,55,4.26
109,56,3.82
109,57,4.02
109,58,4.22
109,59,4.24
109,60,4.1
109,61,3.96
109,62,4.14
109,63,4.26
109,64,3.98
109,65,4.04
109,66,3.94
109,67,3.92
109,68,3.86
109,69,4.32
109,70,4.02
109,71,4.02
109,72,4.0
109,73,3.86
109,74,4.2
109,75,4.02
109,76,4.28
109,77,4.42
109,78,3.96
109,79,4.08
109,80,3.82
109,81,3.8
109,82,4.0
109,83,4.2
109,84,4.02
109,85,4.16
109,86,3.78
109,87,4.02
109,88,3.64
109,89,4.4
109,90,4.38
109,91,4.02
109,92,4.4
109,93,3.6
109,94,4.18
109,95,3.84
109,96,4.2
109,97,4.48
109,98,4.22
109,99,4.26
109,100,3.44
109,101,3.84
109,102,4.46
109,103,4.04
109,104,3.8
109,105,4.76
109,106,5.22
109,107,7.26
109,108,8.84
109,109,17.4
109,110,12.48
109,111,21.28
109,112,21.36
109,113,29.42
109,114,32.22
109,115,29.96
109,116,40.26
109,117,43.02
109,118,48.64
109,119,51.58
109,120,50.42
109,121,50.24
109,122,56.8
109,123,56.02
109,124,68.4
110,125,59.5
110,124,65.62
110,123,67.56
110,122,52.58
110,121,42.66
110,120,22.46
110,119,16.42
110,118,10.88
110,117,15.32
110,116,9.2
110,115,8.12
110,114,3.68
110,113,4.6
110,112,4.7
110,111,4.38
110,110,4.14
110,109,4.3
110,108,4.1
110,107,4.42
110,106,4.1
110,105,4.84
110,104,4.1
110,103,4.06
110,102,4.32
110,101,4.6
110,100,4.86
110,99,4.04
110,98,4.02
110,97,4.36
110,96,3.76
110,95,4.08
110,94,4.1
110,93,4.3
110,92,4.48
110,91,4.0
110,90,3.76
110,89,4.44
110,88,4.22
110,87,4.06
110,86,4.22
110,85,4.24
110,84,3.8
110,83,4.58
110,82,4.88
110,81,4.06
110,80,10.5
110,79,15.2
110,78,4.54
110,77,4.02
110,76,4.88
110,75,4.38
110,74,5.32
110,73,4.36
110,72,3.68
110,71,4.56
110,70,3.94
110,69,4.16
110,68,4.14
110,67,4.34
110,66,4.0
110,65,4.5
110,64,3.96
110,63,4.14
110,62,3.9
110,61,3.7
110,60,4.08
110,59,4.16
110,58,4.76
110,57,4.4
110,56,3.84
110,55,4.2
110,54,4.04
110,53,4.1
110,52,4.18
110,51,4.16
110,50,5.1
110,49,3.82
110,48,5.14
110,47,3.84
110,46,3.92
110,45,4.04
110,44,4.8
110,43,4.12
110,42,5.48
110,41,20.24
111,40,27.74
111,41,34.6
111,42,30.54
111,43,19.46
111,44,3.82
111,45,3.82
111,46,3.54
111,47,3.82
111,48,3.78
111,49,3.72
111,50,4.02
111,51,4.34
111,52,4.22
111,53,4.04
111,54,4.3
111,55,3.72
111,56,4.12
111,57,3.82
111,58,4.34
111,59,4.14
111,60,4.24
111,61,3.94
111,62,4.2
111,63,3.92
111,64,4.42
111,65,4.56
111,66,4.34
111,67,3.96
111,68,3.66
111,69,5.44
111,70,3.9
111,71,4.34
111,72,4.22
111,73,4.42
111,74,3.98
111,75,3.62
111,76,4.08
111,77,4.44
111,78,3.86
111,79,3.82
111,80,3.88
111,81,19.24
111,82,27.4
111,83,4.42
111,84,4.42
111,85,4.0
111,86,4.22
111,87,3.88
111,88,4.24
111,89,3.86
111,90,6.0
111,91,3.62
111,92,4.22
111,93,3.62
111,94,4.1
111,95,4.24
111,96,4.36
111,97,4.26
111,98,4.02
111,99,4.26
111,100,3.7
111,101,4.06
111,102,5.6
111,103,3.6
111,104,4.86
111,105,4.08
111,106,4.84
111,107,4.42
111,108,3.92
111,109,4.22
111,110,3.7
111,111,3.94
111,112,3.72
111,113,5.62
111,114,4.34
111,115,3.72
111,116,5.82
111,117,15.9
111,118,23.74
111,119,27.14
111,120,36.96
111,121,30.02
111,122,55.6
111,123,58.26
111,124,80.82
112,125,99.62
112,124,99.56
112,123,99.72
112,122,92.14
112,121,78.04
112,120,63.64
112,119,52.06
112,118,41.44
112,117,42.02
112,116,30.7
112,115,20.86
112,114,4.92
112,113,4.14
112,112,4.14
112,111,4.32
112,110,4.64
112,109,4.86
112,108,4.6
112,107,4.92
112,106,5.3
112,105,4.12
112,104,4.6
112,103,4.02
112,102,4.26
112,101,4.52
112,100,4.52
112,99,4.24
112,98,6.3
112,97,4.76
112,96,4.04
112,95,3.98
112,94,4.22
112,93,4.34
112,92,4.36
112,91,4.46
112,90,4.22
112,89,4.66
112,88,4.0
112,87,4.3
112,86,4.26
112,85,4.22
112,84,4.5
112,83,4.64
112,82,4.28
112,81,4.22
112,80,23.96
112,79,27.72
112,78,4.06
112,77,4.44
112,76,4.42
112,75,3.92
112,74,4.32
112,73,3.88
112,72,4.34
112,71,4.66
112,70,4.42
112,69,3.92
112,68,3.96
112,67,3.9
112,66,4.08
112,65,4.16
112,64,4.06
112,63,3.8
112,62,4.32
112,61,3.86
112,60,4.22
112,59,4.86
112,58,3.7
112,57,3.62
112,56,3.84
112,55,4.44
112,54,3.8
112,53,3.84
112,52,4.16
112,51,3.56
112,50,3.82
112,49,4.22
112,48,3.76
112,47,4.0
112,46,4.02
112,45,3.64
112,44,5.08
112,43,4.76
112,42,12.04
112,41,35.0
113,40,27.56
113,41,23.3
113,42,25.58
113,43,25.74
113,44,20.6
113,45,5.74
113,46,3.78
113,47,3.78
113,48,3.92
113,49,3.6
113,50,3.8
113,51,3.94
113,52,3.7
113,53,4.32
113,54,3.7
113,55,4.1
113,56,4.54
113,57,4.1
113,58,3.92
113,59,3.92
113,60,4.0
113,61,3.66
113,62,5.36
113,63,4.58
113,64,3.9
113,65,4.38
113,66,4.16
113,67,3.96
113,68,4.56
113,69,4.34
113,70,3.94
113,71,4.18
113,72,4.16
113,73,3.96
113,74,4.08
113,75,4.24
113,76,3.88
113,77,4.34
113,78,3.88
113,79,4.2
113,80,4.3
113,81,16.34
113,82,42.42
113,83,6.84
113,84,4.04
113,85,4.04
113,86,3.8
113,87,3.86
113,88,3.9
113,89,4.24
113,90,4.04
113,91,3.88
113,92,3.82
113,93,4.72
113,94,4.1
113,95,4.02
113,96,3.82
113,97,4.24
113,98,4.2
113,99,4.08
113,100,4.26
113,101,3.92
113,102,3.86
113,103,3.84
113,104,4.28
113,105,4.5
113,106,3.84
113,107,4.12
113,108,4.52
113,109,3.9
113,110,4.18
113,111,4.66
113,112,3.9
113,113,3.88
113,114,4.16
113,115,3.98
113,116,4.44
113,117,17.76
113,118,46.7
113,119,60.5
113,120,63.38
113,121,59.9
113,122,81.0
113,123,90.42
113,124,104.02
114,125,120.62
114,124,122.42
114,123,120.36
114,122,111.86
114,121,105.58
114,120,88.46
114,119,76.58
114,118,58.34
114,117,51.88
114,116,54.96
114,115,25.94
114,114,4.1
114,113,4.12
114,112,4.14
114,111,4.06
114,110,4.56
114,109,5.04
114,108,4.14
114,107,4.42
114,106,4.38
114,105,4.58
114,104,4.74
114,103,4.48
114,102,4.02
114,101,4.3
114,100,4.5
114,99,4.02
114,98,4.28
114,97,4.38
114,96,4.22
114,95,4.0
114,94,4.28
114,93,4.66
114,92,4.3
114,91,3.92
114,90,3.98
114,89,4.44
114,88,4.46
114,87,4.74
114,86,5.86
114,85,4.22
114,84,3.92
114,83,4.22
114,82,3.94
114,81,4.04
114,80,25.96
114,79,24.38
114,78,5.16
114,77,4.48
114,76,3.98
114,75,4.22
114,74,4.28
114,73,3.88
114,72,4.18
114,71,4.04
114,70,3.7
114,69,4.22
114,68,4.52
114,67,3.96
114,66,4.42
114,65,3.9
114,64,3.68
114,63,4.32
114,62,4.26
114,61,3.8
114,60,4.42
114,59,3.62
114,58,3.66
114,57,4.04
114,56,4.1
114,55,5.36
114,54,3.7
114,53,3.92
114,52,3.46
114,51,4.04
114,50,4.02
114,49,3.8
114,48,4.26
114,47,4.02
114,46,4.34
114,45,3.94
114,44,4.02
114,43,9.46
114,42,17.78
114,41,39.02
115,40,26.68
115,41,34.44
115,42,31.98
115,43,37.74
115,44,40.28
115,45,16.54
115,46,5.4
115,47,4.86
115,48,4.62
115,49,4.08
115,50,4.22
115,51,3.88
115,52,3.88
115,53,4.58
115,54,5.4
115,55,4.24
115,56,4.46
115,57,4.14
115,58,4.32
115,59,4.6
115,60,4.44
115,61,5.4
115,62,4.38
115,63,4.58
115,64,4.62
115,65,4.66
115,66,4.62
115,67,4.9
115,68,4.86
115,69,4.08
115,70,4.38
115,71,4.3
115,72,4.46
115,73,4.78
115,74,4.74
115,75,4.24
115,76,4.0
115,77,4.22
115,78,3.9
115,79,3.94
115,80,3.76
115,81,22.58
115,82,53.88
115,83,4.0
115,84,4.34
115,85,4.12
115,86,4.32
115,87,4.34
115,88,4.16
115,89,4.16
115,90,4.44
115,91,3.88
115,92,4.34
115,93,3.96
115,94,4.4
115,95,4.12
115,96,4.0
115,97,4.1
115,98,3.94
115,99,4.16
115,100,5.32
115,101,4.58
115,102,4.4
115,103,4.24
115,104,4.0
115,105,3.74
115,106,4.24
115,107,4.04
115,108,4.0
115,109,5.74
115,110,4.48
115,111,4.44
115,112,3.82
115,113,4.02
115,114,4.6
115,115,4.34
115,116,5.1
115,117,35.44
115,118,78.62
115,119,81.4
115,120,75.66
115,121,73.04
115,122,92.68
115,123,105.92
115,124,112.88
116,125,126.12
116,124,126.52
116,123,126.6
116,122,115.52
116,121,110.0
116,120,91.6
116,119,83.86
116,118,71.6
116,117,75.52
116,116,68.26
116,115,33.38
116,114,4.74
116,113,4.16
116,112,4.68
116,111,4.64
116,110,4.38
116,109,4.66
116,108,4.44
116,107,4.48
116,106,4.98
116,105,4.66
116,104,4.18
116,103,4.14
116,102,4.34
116,101,4.44
116,100,4.42
116,99,4.32
116,98,3.9
116,97,4.06
116,96,4.0
116,95,4.24
116,94,4.72
116,93,4.72
116,92,4.52
116,91,4.04
116,90,4.22
116,89,4.5
116,88,3.84
116,87,4.58
116,86,3.76
116,85,4.4
116,84,4.14
116,83,4.22
116,82,4.42
116,81,4.56
116,80,51.34
116,79,24.56
116,78,3.98
116,77,4.38
116,76,4.36
116,75,4.58
116,74,4.36
116,73,4.02
116,72,3.98
116,71,4.4
116,70,4.54
116,69,4.62
116,68,4.1
116,67,3.44
116,66,3.96
116,65,4.22
116,64,4.32
116,63,4.1
116,62,4.1
116,61,3.6
116,60,3.82
116,59,4.44
116,58,4.02
116,57,3.86
116,56,4.0
116,55,4.58
116,54,4.36
116,53,4.42
116,52,4.44
116,51,3.84
116,50,5.52
116,49,3.98
116,48,3.82
116,47,4.44
116,46,4.28
116,45,4.24
116,44,4.32
116,43,18.24
116,42,38.08
116,41,24.2
117,40,30.0
117,41,34.64
117,42,34.74
117,43,30.08
117,44,27.28
117,45,7.66
117,46,6.24
117,47,7.36
117,48,4.0
117,49,4.2
117,50,4.34
117,51,5.16
117,52,4.36
117,53,4.42
117,54,3.54
117,55,4.22
117,56,4.32
117,57,4.12
117,58,4.88
117,59,4.94
117,60,4.54
117,61,4.2
117,62,4.76
117,63,4.5
117,64,4.48
117,65,4.44
117,66,4.58
117,67,4.36
117,68,4.96
117,69,4.62
117,70,4.12
117,71,4.36
117,72,4.54
117,73,4.48
117,74,4.02
117,75,4.74
117,76,4.04
117,77,4.46
117,78,3.92
117,79,3.94
117,80,3.74
117,81,17.22
117,82,47.92
117,83,6.3
117,84,3.94
117,85,4.22
117,86,4.46
117,87,4.7
117,88,4.52
117,89,4.28
117,90,4.5
117,91,3.72
117,92,4.24
117,93,4.46
117,94,4.52
117,95,4.18
117,96,4.26
117,97,3.76
117,98,4.08
117,99,4.24
117,100,4.78
117,101,4.1
117,102,4.6
117,103,4.36
117,104,4.6
117,105,4.62
117,106,4.62
117,107,4.46
117,108,4.3
117,109,3.84
117,110,17.62
117,111,59.56
117,112,54.38
117,113,5.36
117,114,4.1
117,115,3.8
117,116,4.88
117,117,21.4
117,118,57.46
117,119,71.3
117,120,70.08
117,121,75.58
117,122,95.64
117,123,100.72
117,124,117.26
118,125,125.6
118,124,126.6
118,123,124.0
118,122,116.66
118,121,110.8
118,120,98.62
118,119,89.12
118,118,72.42
118,117,73.74
118,116,68.72
118,115,19.84
118,114,4.76
118,113,5.12
118,112,4.22
118,111,3.94
118,110,4.48
118,109,4.14
118,108,6.1
118,107,4.24
118,106,4.24
118,105,4.62
118,104,4.6
118,103,4.6
118,102,4.16
118,101,4.08
118,100,4.1
118,99,5.4
118,98,4.34
118,97,4.66
118,96,4.38
118,95,4.58
118,94,4.34
118,93,4.36
118,92,4.6
118,91,4.32
118,90,4.04
118,89,3.92
118,88,3.8
118,87,4.08
118,86,4.08
118,85,4.76
118,84,4.08
118,83,4.32
118,82,4.08
118,81,4.3
118,80,51.86
118,79,17.88
118,78,4.04
118,77,4.48
118,76,4.1
118,75,4.02
118,74,4.0
118,73,4.78
118,72,4.26
118,71,4.46
118,70,4.38
118,69,3.92
118,68,4.84
118,67,4.64
118,66,4.14
118,65,4.16
118,64,3.78
118,63,3.92
118,62,4.16
118,61,4.0
118,60,4.12
118,59,3.64
118,58,3.98
118,57,3.92
118,56,5.66
118,55,4.2
118,54,4.26
118,53,3.86
118,52,4.32
118,51,4.34
118,50,4.16
118,49,4.42
118,48,3.8
118,47,3.86
118,46,5.7
118,45,3.86
118,44,8.5
118,43,14.2
118,42,26.74
118,41,33.38
119,40,28.4
119,41,31.26
119,42,27.42
119,43,28.6
119,44,33.16
119,45,16.84
119,46,7.34
119,47,5.08
119,48,4.18
119,49,4.62
119,50,4.1
119,51,4.44
119,52,4.14
119,53,4.12
119,54,4.72
119,55,5.94
119,56,4.52
119,57,4.12
119,58,4.4
119,59,4.56
119,60,4.44
119,61,4.76
119,62,4.68
119,63,3.88
119,64,4.78
119,65,4.7
119,66,4.78
119,67,4.92
119,68,4.58
119,69,4.48
119,70,3.9
119,71,4.5
119,72,4.08
119,73,4.7
119,74,4.6
119,75,4.04
119,76,4.34
119,77,4.04
119,78,4.52
119,79,6.1
119,80,4.0
119,81,10.9
119,82,47.1
119,83,18.66
119,84,4.46
119,85,4.24
119,86,3.76
119,87,4.28
119,88,4.62
119,89,4.3
119,90,4.9
119,91,6.18
119,92,4.28
119,93,4.08
119,94,4.14
119,95,4.3
119,96,4.56
119,97,4.3
119,98,3.8
119,99,4.06
119,100,4.6
119,101,4.56
119,102,4.38
119,103,4.64
119,104,4.58
119,105,4.12
119,106,4.56
119,107,4.36
119,108,4.64
119,109,3.82
119,110,4.32
119,111,4.38
119,112,4.62
119,113,5.24
119,114,5.22
119,115,4.6
119,116,4.44
119,117,8.22
119,118,55.58
119,119,62.12
119,120,71.0
119,121,84.96
119,122,98.44
119,123,104.16
119,124,115.22
120,125,122.72
120,124,130.64
120,123,126.3
120,122,119.68
120,121,107.8
120,120,97.64
120,119,89.34
120,118,77.34
120,117,71.16
120,116,59.46
120,115,10.92
120,114,5.4
120,113,6.02
120,112,4.28
120,111,4.58
120,110,12.52
120,109,53.1
120,108,4.88
120,107,5.04
120,106,4.62
120,105,4.88
120,104,4.22
120,103,4.5
120,102,4.92
120,101,4.74
120,100,4.04
120,99,4.46
120,98,4.46
120,97,4.48
120,96,4.74
120,95,4.76
120,94,4.7
120,93,4.44
120,92,4.78
120,91,3.84
120,90,4.62
120,89,4.1
120,88,4.64
120,87,4.64
120,86,4.6
120,85,4.04
120,84,4.68
120,83,4.72
120,82,4.7
120,81,7.86
120,80,48.4
120,79,4.14
120,78,5.1
120,77,5.16
120,76,4.54
120,75,4.26
120,74,3.88
120,73,4.74
120,72,4.44
120,71,3.84
120,70,3.92
120,69,4.46
120,68,3.76
120,67,3.78
120,66,4.16
120,65,4.38
120,64,4.16
120,63,4.36
120,62,4.34
120,61,3.7
120,60,4.38
120,59,4.4
120,58,4.38
120,57,4.12
120,56,5.12
120,55,4.32
120,54,4.24
120,53,4.02
120,52,4.0
120,51,4.08
120,50,3.92
120,49,4.02
120,48,4.44
120,47,4.04
120,46,5.12
120,45,4.92
120,44,5.76
120,43,12.44
120,42,42.66
120,41,30.4
121,40,28.7
121,41,36.2
121,42,34.68
121,43,31.3
121,44,31.92
121,45,10.18
121,46,6.24
121,47,6.0
121,48,3.94
121,49,4.44
121,50,4.46
121,51,4.54
121,52,4.46
121,53,4.06
121,54,4.36
121,55,4.54
121,56,4.42
121,57,4.86
121,58,3.94
121,59,4.54
121,60,4.26
121,61,5.06
121,62,9.24
121,63,4.76
121,64,4.36
121,65,4.96
121,66,4.26
121,67,4.38
121,68,4.32
121,69,4.88
121,70,4.56
121,71,4.48
121,72,5.78
121,73,4.6
121,74,4.26
121,75,5.02
121,76,4.86
121,77,4.04
121,78,4.72
121,79,4.66
121,80,4.7
121,81,4.84
121,82,39.8
121,83,11.6
121,84,4.3
121,85,5.24
121,86,4.78
121,87,4.34
121,88,4.04
121,89,4.1
121,90,4.32
121,91,5.08
121,92,4.6
121,93,4.1
121,94,4.16
121,95,4.62
121,96,4.46
121,97,3.88
121,98,4.6
121,99,4.14
121,100,4.34
121,101,4.08
121,102,4.1
121,103,4.18
121,104,4.36
121,105,4.24
121,106,4.74
121,107,4.5
121,108,4.46
121,109,4.42
121,110,11.74
121,111,28.16
121,112,30.66
121,113,16.84
121,114,3.88
121,115,5.16
121,116,5.88
121,117,4.9
121,118,14.88
121,119,56.88
121,120,71.64
121,121,84.54
121,122,89.54
121,123,102.56
121,124,120.86
122,125,122.7
122,124,126.28
122,123,126.54
122,122,115.86
122,121,114.02
122,120,97.64
122,119,88.68
122,118,69.34
122,117,64.6
122,116,16.4
122,115,5.36
122,114,4.66
122,113,4.1
122,112,4.76
122,111,5.0
122,110,5.0
122,109,5.76
122,108,4.66
122,107,4.54
122,106,4.26
122,105,6.68
122,104,5.22
122,103,4.24
122,102,4.22
122,101,4.84
122,100,4.82
122,99,4.76
122,98,4.5
122,97,4.58
122,96,4.18
122,95,4.72
122,94,4.22
122,93,4.48
122,92,4.82
122,91,4.22
122,90,4.16
122,89,4.8
122,88,4.48
122,87,6.62
122,86,4.52
122,85,4.96
122,84,5.96
122,83,4.46
122,82,4.3
122,81,21.58
122,80,26.04
122,79,6.0
122,78,4.52
122,77,4.14
122,76,3.82
122,75,4.2
122,74,4.7
122,73,5.78
122,72,4.34
122,71,4.16
122,70,4.58
122,69,4.06
122,68,4.04
122,67,4.54
122,66,4.52
122,65,4.02
122,64,3.98
122,63,3.98
122,62,4.42
122,61,3.96
122,60,3.9
122,59,3.94
122,58,4.16
122,57,3.98
122,56,4.36
122,55,4.44
122,54,3.94
122,53,3.88
122,52,4.36
122,51,4.62
122,50,3.9
122,49,3.98
122,48,3.96
122,47,3.76
122,46,4.14
122,45,4.58
122,44,6.88
122,43,17.72
122,42,36.66
122,41,30.4
123,40,31.7
123,41,18.64
123,42,18.02
123,43,23.72
123,44,14.78
123,45,8.2
123,46,4.6
123,47,4.32
123,48,4.02
123,49,6.1
123,50,3.82
123,51,4.3
123,52,4.82
123,53,4.24
123,54,4.48
123,55,4.28
123,56,3.98
123,57,6.0
123,58,4.86
123,59,5.16
123,60,5.0
123,61,5.4
123,62,4.9
123,63,4.52
123,64,5.22
123,65,4.86
123,66,4.56
123,67,4.86
123,68,3.94
123,69,4.92
123,70,4.54
123,71,4.84
123,72,5.0
123,73,4.18
123,74,4.46
123,75,4.4
123,76,4.46
123,77,4.96
123,78,4.88
123,79,5.46
123,80,4.06
123,81,4.66
123,82,9.86
123,83,10.18
123,84,4.9
123,85,4.36
123,86,5.58
123,87,4.52
123,88,4.5
123,89,4.1
123,90,4.34
123,91,4.52
123,92,5.14
123,93,3.74
123,94,4.4
123,95,6.14
123,96,4.6
123,97,4.86
123,98,4.76
123,99,4.12
123,100,4.56
123,101,4.34
123,102,4.92
123,103,4.68
123,104,5.86
123,105,4.16
123,106,4.76
123,107,6.08
123,108,4.48
123,109,4.98
123,110,4.28
123,111,6.32
123,112,4.98
123,113,4.66
123,114,5.0
123,115,4.96
123,116,5.14
123,117,4.74
123,118,5.34
123,119,34.48
123,120,47.16
123,121,79.24
123,122,92.1
123,123,103.64
123,124,119.86
124,125,126.56
124,124,127.36
124,123,125.14
124,122,118.38
124,121,102.32
124,120,90.36
124,119,81.64
124,118,64.26
124,117,40.18
124,116,9.28
124,115,4.82
124,114,4.9
124,113,4.82
124,112,4.48
124,111,5.44
124,110,4.08
124,109,4.98
124,108,4.6
124,107,4.26
124,106,4.98
124,105,4.74
124,104,4.26
124,103,4.34
124,102,4.54
124,101,4.28
124,100,4.46
124,99,4.2
124,98,4.04
124,97,4.2
124,96,4.44
124,95,4.22
124,94,4.98
124,93,4.2
124,92,4.42
124,91,4.18
124,90,3.9
124,89,5.98
124,88,5.26
124,87,4.46
124,86,4.36
124,85,4.22
124,84,4.38
124,83,4.1
124,82,4.28
124,81,10.76
124,80,15.68
124,79,4.36
124,78,4.44
124,77,6.14
124,76,4.64
124,75,6.14
124,74,4.36
124,73,4.02
124,72,4.54
124,71,4.32
124,70,5.66
124,69,4.1
124,68,4.2
124,67,4.42
124,66,3.76
124,65,4.24
124,64,4.08
124,63,3.92
124,62,4.06
124,61,4.32
124,60,3.82
124,59,4.52
124,58,4.42
124,57,4.12
124,56,4.42
124,55,6.22
124,54,4.1
124,53,4.42
124,52,4.26
124,51,4.22
124,50,4.06
124,49,4.12
124,48,4.32
124,47,6.2
124,46,3.94
124,45,4.24
124,44,4.88
124,43,8.88
124,42,21.24
124,41,17.44
