60,130,565.8
60,129,308.86
60,128,325.92
60,127,306.02
60,126,289.52
60,125,297.32
60,124,304.34
60,123,311.94
60,122,302.3
60,121,615.6
60,120,967.34
60,119,975.24
60,118,976.76
60,117,976.74
60,116,979.32
60,115,982.58
60,114,979.12
60,113,982.08
60,112,977.72
60,111,982.6
60,110,980.8
60,109,980.6
60,108,983.3
60,107,160.06
60,106,162.8
60,105,144.86
60,104,118.88
60,103,131.14
60,102,143.08
60,101,137.5
60,100,142.7
60,99,126.32
60,98,119.2
60,97,308.66
60,96,287.1
60,95,157.12
60,94,187.96
60,93,158.94
60,92,170.38
60,91,172.36
60,90,167.6
60,89,164.12
60,88,176.66
60,87,173.2
60,86,168.6
60,85,70.56
60,84,176.5
60,83,214.66
60,82,233.14
60,81,227.08
60,80,242.46
60,79,239.04
60,78,246.48
60,77,254.94
60,76,252.38
60,75,265.7
60,74,255.36
60,73,249.38
60,72,249.4
60,71,257.34
61,70,256.2
61,71,247.06
61,72,252.36
61,73,242.32
61,74,253.94
61,75,258.7
61,76,247.58
61,77,260.38
61,78,255.68
61,79,249.36
61,80,259.04
61,81,261.96
61,82,250.42
61,83,248.8
61,84,253.94
61,85,256.5
61,86,249.6
61,87,252.54
61,88,251.88
61,89,246.44
61,90,252.66
61,91,253.1
61,92,243.4
61,93,243.32
61,94,246.6
61,95,228.22
61,96,245.32
61,97,254.4
61,98,246.76
61,99,256.48
61,100,250.9
61,101,252.98
61,102,252.38
61,103,250.18
61,104,254.54
61,105,246.4
61,106,251.12
61,107,249.0
61,108,256.26
61,109,248.28
61,110,248.8
61,111,241.96
61,112,250.64
61,113,251.48
61,114,257.82
61,115,270.38
61,116,263.26
61,117,344.64
61,118,472.9
61,119,675.94
61,120,696.84
61,121,951.84
61,122,968.14
61,123,970.04
61,124,973.02
61,125,976.18
61,126,978.32
61,127,980.9
61,128,982.26
61,129,979.62
62,130,982.78
62,129,979.22
62,128,982.14
62,127,979.16
62,126,985.5
62,125,985.2
62,124,982.44
62,123,980.34
62,122,981.52
62,121,980.6
62,120,978.22
62,119,980.1
62,118,979.46
62,117,977.22
62,116,979.56
62,115,979.5
62,114,983.08
62,113,980.06
62,112,978.92
62,111,979.88
62,110,129.66
62,109,153.64
62,108,71.16
62,107,253.46
62,106,262.42
62,105,254.84
62,104,233.72
62,103,117.36
62,102,98.52
62,101,103.82
62,100,84.04
62,99,129.8
62,98,177.5
62,97,151.46
62,96,156.42
62,95,162.54
62,94,134.0
62,93,149.3
62,92,153.14
62,91,163.9
62,90,166.5
62,89,162.38
62,88,158.66
62,87,133.12
62,86,125.98
62,85,129.62
62,84,137.94
62,83,145.24
62,82,142.06
62,81,147.08
62,80,137.94
62,79,152.42
62,78,140.64
62,77,180.22
62,76,257.12
62,75,256.9
62,74,244.18
62,73,251.28
62,72,258.44
62,71,249.8
63,70,251.0
63,71,311.0
63,72,243.56
63,73,247.3
63,74,256.52
63,75,250.88
63,76,251.14
63,77,241.28
63,78,242.22
63,79,242.92
63,80,254.0
63,81,244.74
63,82,244.8
63,83,254.72
63,84,102.92
63,85,118.22
63,86,122.96
63,87,98.16
63,88,109.96
63,89,104.68
63,90,94.16
63,91,103.52
63,92,92.54
63,93,307.0
63,94,318.08
63,95,322.9
63,96,316.76
63,97,313.86
63,98,117.84
63,99,266.52
63,100,129.36
63,101,131.7
63,102,118.32
63,103,164.74
63,104,303.3
63,105,110.04
63,106,120.18
63,107,88.52
63,108,89.7
63,109,104.18
63,110,109.6
63,111,77.18
63,112,100.96
63,113,105.46
63,114,89.52
63,115,98.96
63,116,117.14
63,117,219.68
63,118,430.9
63,119,625.52
63,120,644.6
63,121,965.16
63,122,967.46
63,123,972.1
63,124,976.76
63,125,975.04
63,126,977.12
63,127,978.22
63,128,982.0
63,129,975.8
64,130,977.46
64,129,979.32
64,128,982.78
64,127,978.88
64,126,985.42
64,125,980.14
64,124,977.08
64,123,979.18
64,122,983.1
64,121,979.64
64,120,980.72
64,119,979.76
64,118,982.88
64,117,979.46
64,116,981.12
64,115,982.06
64,114,983.26
64,113,981.96
64,112,979.22
64,111,983.88
64,110,980.46
64,109,190.0
64,108,175.32
64,107,132.96
64,106,129.8
64,105,138.16
64,104,163.12
64,103,145.68
64,102,140.36
64,101,121.9
64,100,132.3
64,99,147.22
64,98,125.94
64,97,141.22
64,96,149.92
64,95,144.94
64,94,129.08
64,93,109.8
64,92,106.56
64,91,106.18
64,90,117.6
64,89,110.6
64,88,123.16
64,87,122.64
64,86,88.48
64,85,96.6
64,84,100.62
64,83,310.08
64,82,321.1
64,81,301.28
64,80,301.62
64,79,310.22
64,78,303.62
64,77,314.56
64,76,300.96
64,75,287.46
64,74,304.68
64,73,307.6
64,72,311.36
64,71,301.08
65,70,298.52
65,71,293.66
65,72,303.56
65,73,292.82
65,74,303.34
65,75,294.44
65,76,303.24
65,77,311.2
65,78,301.16
65,79,287.56
65,80,294.18
65,81,318.04
65,82,304.74
65,83,314.98
65,84,309.36
65,85,318.84
65,86,311.1
65,87,321.48
65,88,306.58
65,89,295.14
65,90,297.96
65,91,291.98
65,92,312.44
65,93,316.14
65,94,293.84
65,95,301.64
65,96,298.9
65,97,313.68
65,98,300.12
65,99,315.1
65,100,317.22
65,101,316.34
65,102,319.84
65,103,313.4
65,104,130.88
65,105,119.06
65,106,113.72
65,107,310.9
65,108,311.12
65,109,327.98
65,110,308.1
65,111,315.34
65,112,314.62
65,113,168.82
65,114,88.7
65,115,138.5
65,116,182.16
65,117,587.24
65,118,785.68
65,119,1023.0
65,120,1022.94
65,121,1019.36
65,122,1012.14
65,123,1008.56
65,124,1003.62
65,125,1000.8
65,126,999.6
65,127,999.36
65,128,998.48
65,129,992.5
66,130,992.08
66,129,991.86
66,128,993.76
66,127,989.0
66,126,992.22
66,125,992.08
66,124,984.8
66,123,985.14
66,122,988.86
66,121,984.8
66,120,985.58
66,119,987.1
66,118,985.2
66,117,981.92
66,116,988.58
66,115,984.8
66,114,987.16
66,113,982.92
66,112,984.1
66,111,984.36
66,110,967.08
66,109,805.54
66,108,549.06
66,107,119.72
66,106,318.22
66,105,323.54
66,104,307.92
66,103,310.82
66,102,318.02
66,101,321.88
66,100,283.46
66,99,139.26
66,98,138.96
66,97,111.02
66,96,107.84
66,95,119.08
66,94,127.76
66,93,128.32
66,92,124.04
66,91,125.3
66,90,111.4
66,89,139.58
66,88,116.72
66,87,126.22
66,86,116.74
66,85,300.42
66,84,315.46
66,83,305.54
66,82,175.24
66,81,106.54
66,80,120.62
66,79,143.06
66,78,80.8
66,77,324.08
66,76,96.82
66,75,309.58
66,74,316.0
66,73,307.24
66,72,317.1
66,71,301.42
67,70,299.58
67,71,309.8
67,72,313.06
67,73,309.78
67,74,298.6
67,75,288.0
67,76,292.88
67,77,307.98
67,78,302.5
67,79,308.4
67,80,308.5
67,81,313.24
67,82,299.96
67,83,325.58
67,84,291.22
67,85,97.54
67,86,152.32
67,87,308.06
67,88,318.62
67,89,180.52
67,90,245.52
67,91,290.96
67,92,322.82
67,93,330.4
67,94,322.94
67,95,284.76
67,96,165.28
67,97,92.68
67,98,329.32
67,99,319.34
67,100,312.9
67,101,314.74
67,102,313.34
67,103,156.76
67,104,327.04
67,105,315.7
67,106,293.74
67,107,313.88
67,108,313.96
67,109,316.44
67,110,98.18
67,111,66.56
67,112,86.36
67,113,57.68
67,114,117.34
67,115,145.64
67,116,335.26
67,117,745.8
67,118,972.16
67,119,975.12
67,120,977.76
67,121,979.8
67,122,976.24
67,123,979.72
67,124,975.96
67,125,976.74
67,126,976.24
67,127,977.76
67,128,982.0
67,129,976.8
68,130,979.98
68,129,980.44
68,128,984.7
68,127,978.18
68,126,983.14
68,125,982.98
68,124,979.1
68,123,981.7
68,122,983.96
68,121,981.84
68,120,980.14
68,119,980.6
68,118,980.84
68,117,980.9
68,116,982.88
68,115,981.78
68,114,983.4
68,113,981.82
68,112,981.3
68,111,979.76
68,110,981.34
68,109,979.66
68,108,959.48
68,107,685.8
68,106,105.18
68,105,109.16
68,104,117.98
68,103,111.12
68,102,112.72
68,101,123.04
68,100,116.48
68,99,119.86
68,98,106.08
68,97,119.18
68,96,108.12
68,95,124.44
68,94,114.74
68,93,129.24
68,92,121.06
68,91,122.26
68,90,104.52
68,89,101.98
68,88,121.4
68,87,122.84
68,86,209.86
68,85,126.12
68,84,96.16
68,83,88.96
68,82,246.08
68,81,68.76
68,80,122.46
68,79,172.32
68,78,152.12
68,77,279.38
68,76,225.22
68,75,189.54
68,74,100.92
68,73,165.56
68,72,91.0
68,71,315.44
69,70,301.26
69,71,63.9
69,72,64.7
69,73,55.52
69,74,50.8
69,75,122.48
69,76,75.28
69,77,89.74
69,78,107.24
69,79,84.26
69,80,55.06
69,81,95.88
69,82,95.3
69,83,312.76
69,84,309.8
69,85,311.78
69,86,301.22
69,87,295.98
69,88,308.24
69,89,297.32
69,90,306.32
69,91,295.96
69,92,291.3
69,93,309.74
69,94,300.6
69,95,301.7
69,96,295.4
69,97,289.2
69,98,303.26
69,99,301.02
69,100,324.86
69,101,310.54
69,102,298.52
69,103,90.28
69,104,90.32
69,105,299.38
69,106,267.0
69,107,325.06
69,108,113.94
69,109,165.28
69,110,213.64
69,111,96.76
69,112,94.06
69,113,84.46
69,114,130.8
69,115,179.16
69,116,237.1
69,117,961.16
69,118,970.82
69,119,974.94
69,120,980.94
69,121,979.68
69,122,976.46
69,123,977.18
69,124,977.1
69,125,977.68
69,126,976.4
69,127,978.84
69,128,983.02
69,129,976.52
70,130,977.72
70,129,979.78
70,128,983.64
70,127,978.74
70,126,983.96
70,125,983.24
70,124,977.82
70,123,979.74
70,122,983.5
70,121,989.88
70,120,981.38
70,119,984.82
70,118,984.98
70,117,981.94
70,116,980.06
70,115,983.82
70,114,983.16
70,113,977.84
70,112,980.56
70,111,982.16
70,110,982.02
70,109,981.04
70,108,983.24
70,107,534.24
70,106,693.74
70,105,285.24
70,104,121.54
70,103,104.08
70,102,89.82
70,101,92.84
70,100,116.32
70,99,107.46
70,98,148.72
70,97,97.68
70,96,110.54
70,95,100.76
70,94,161.3
70,93,144.32
70,92,141.08
70,91,117.1
70,90,115.0
70,89,101.1
70,88,96.88
70,87,107.92
70,86,99.24
70,85,83.96
70,84,96.2
70,83,310.62
70,82,294.36
70,81,331.6
70,80,320.26
70,79,298.68
70,78,312.0
70,77,336.52
70,76,320.84
70,75,308.16
70,74,323.42
70,73,321.82
70,72,322.38
70,71,326.0
71,70,316.98
71,71,310.54
71,72,306.36
71,73,316.5
71,74,313.36
71,75,320.94
71,76,314.98
71,77,303.54
71,78,308.44
71,79,325.24
71,80,324.5
71,81,317.92
71,82,96.8
71,83,116.74
71,84,101.62
71,85,327.24
71,86,307.74
71,87,306.58
71,88,311.04
71,89,317.1
71,90,320.48
71,91,312.92
71,92,309.32
71,93,306.28
71,94,316.54
71,95,319.02
71,96,330.04
71,97,319.94
71,98,305.98
71,99,300.86
71,100,315.16
71,101,332.12
71,102,331.04
71,103,130.92
71,104,106.4
71,105,115.94
71,106,127.08
71,107,130.9
71,108,116.54
71,109,99.78
71,110,109.78
71,111,132.92
71,112,127.48
71,113,133.56
71,114,195.6
71,115,182.66
71,116,911.84
71,117,963.5
71,118,972.88
71,119,975.6
71,120,977.52
71,121,978.28
71,122,979.46
71,123,979.44
71,124,978.32
71,125,977.88
71,126,981.66
71,127,979.74
71,128,982.44
71,129,978.82
72,130,983.14
72,129,979.94
72,128,982.68
72,127,983.58
72,126,985.38
72,125,981.42
72,124,984.42
72,123,981.2
72,122,983.5
72,121,984.46
72,120,982.22
72,119,983.98
72,118,982.52
72,117,980.9
72,116,982.8
72,115,982.78
72,114,981.38
72,113,979.52
72,112,979.28
72,111,980.72
72,110,980.06
72,109,977.76
72,108,983.26
72,107,767.6
72,106,710.38
72,105,484.98
72,104,164.5
72,103,130.82
72,102,136.14
72,101,137.18
72,100,120.44
72,99,124.56
72,98,109.1
72,97,131.48
72,96,128.76
72,95,127.08
72,94,137.82
72,93,152.84
72,92,126.58
72,91,124.04
72,90,132.76
72,89,127.94
72,88,116.56
72,87,117.44
72,86,115.1
72,85,104.66
72,84,80.24
72,83,109.4
72,82,113.66
72,81,305.42
72,80,269.02
72,79,280.2
72,78,292.98
72,77,306.58
72,76,297.16
72,75,107.44
72,74,110.44
72,73,115.22
72,72,116.7
72,71,129.58
73,70,304.58
73,71,310.32
73,72,290.52
73,73,312.42
73,74,303.06
73,75,314.82
73,76,314.3
73,77,308.2
73,78,314.66
73,79,315.66
73,80,320.76
73,81,287.3
73,82,73.4
73,83,119.8
73,84,112.22
73,85,70.64
73,86,123.4
73,87,328.08
73,88,238.2
73,89,67.82
73,90,121.18
73,91,161.54
73,92,101.44
73,93,93.52
73,94,115.18
73,95,84.66
73,96,80.7
73,97,77.3
73,98,102.22
73,99,324.54
73,100,334.98
73,101,328.5
73,102,127.98
73,103,208.68
73,104,123.34
73,105,112.62
73,106,112.8
73,107,104.74
73,108,117.04
73,109,133.62
73,110,114.5
73,111,122.28
73,112,131.8
73,113,143.94
73,114,140.58
73,115,156.6
73,116,716.72
73,117,973.36
73,118,974.5
73,119,975.48
73,120,979.68
73,121,979.0
73,122,976.64
73,123,979.36
73,124,979.46
73,125,977.12
73,126,982.42
73,127,978.9
73,128,981.92
73,129,981.78
74,130,984.9
74,129,980.32
74,128,982.62
74,127,979.22
74,126,984.62
74,125,980.6
74,124,979.72
74,123,979.98
74,122,980.6
74,121,979.72
74,120,980.4
74,119,979.9
74,118,984.26
74,117,979.48
74,116,980.6
74,115,980.06
74,114,983.32
74,113,981.58
74,112,980.62
74,111,981.5
74,110,981.64
74,109,978.94
74,108,973.9
74,107,554.72
74,106,624.3
74,105,174.52
74,104,171.38
74,103,178.76
74,102,171.14
74,101,164.38
74,100,121.14
74,99,134.42
74,98,109.86
74,97,111.1
74,96,141.6
74,95,143.84
74,94,142.44
74,93,120.06
74,92,109.06
74,91,110.54
74,90,127.66
74,89,214.98
74,88,327.46
74,87,142.54
74,86,99.94
74,85,112.18
74,84,127.24
74,83,111.36
74,82,69.36
74,81,77.34
74,80,70.5
74,79,75.64
74,78,64.68
74,77,109.02
74,76,82.02
74,75,95.96
74,74,116.28
74,73,110.18
74,72,99.02
74,71,93.02
75,70,104.38
75,71,110.36
75,72,108.28
75,73,108.64
75,74,92.6
75,75,114.98
75,76,104.44
75,77,70.98
75,78,131.72
75,79,100.44
75,80,107.38
75,81,84.56
75,82,94.62
75,83,103.66
75,84,114.66
75,85,80.06
75,86,70.22
75,87,93.86
75,88,213.02
75,89,180.98
75,90,297.48
75,91,288.86
75,92,307.14
75,93,306.2
75,94,301.02
75,95,309.48
75,96,305.02
75,97,302.36
75,98,309.1
75,99,316.66
75,100,317.66
75,101,309.7
75,102,308.36
75,103,307.9
75,104,325.5
75,105,121.32
75,106,83.16
75,107,104.26
75,108,107.76
75,109,113.4
75,110,141.58
75,111,152.9
75,112,143.98
75,113,176.06
75,114,203.4
75,115,574.94
75,116,798.1
75,117,963.72
75,118,971.02
75,119,969.74
75,120,973.4
75,121,979.72
75,122,976.8
75,123,977.98
75,124,980.24
75,125,978.84
75,126,980.72
75,127,981.02
75,128,979.78
75,129,979.9
76,130,981.34
76,129,980.06
76,128,982.16
76,127,979.58
76,126,985.08
76,125,982.34
76,124,982.36
76,123,982.48
76,122,982.72
76,121,982.02
76,120,981.98
76,119,983.44
76,118,982.06
76,117,981.46
76,116,983.1
76,115,982.26
76,114,983.94
76,113,983.62
76,112,981.44
76,111,984.88
76,110,980.86
76,109,978.98
76,108,979.82
76,107,772.14
76,106,423.44
76,105,147.56
76,104,176.12
76,103,135.32
76,102,161.14
76,101,126.4
76,100,157.82
76,99,131.76
76,98,137.22
76,97,161.54
76,96,137.08
76,95,138.52
76,94,120.4
76,93,131.44
76,92,128.66
76,91,124.54
76,90,108.58
76,89,101.16
76,88,92.52
76,87,103.62
76,86,230.9
76,85,105.62
76,84,96.34
76,83,93.96
76,82,89.04
76,81,329.92
76,80,330.32
76,79,328.48
76,78,105.26
76,77,92.32
76,76,109.28
76,75,114.4
76,74,76.38
76,73,95.58
76,72,110.76
76,71,117.7
77,70,117.58
77,71,73.64
77,72,95.78
77,73,106.7
77,74,128.5
77,75,116.04
77,76,108.24
77,77,90.5
77,78,127.04
77,79,114.76
77,80,115.72
77,81,87.76
77,82,107.94
77,83,92.86
77,84,95.24
77,85,105.1
77,86,78.28
77,87,98.5
77,88,101.6
77,89,88.24
77,90,96.52
77,91,86.74
77,92,120.8
77,93,77.02
77,94,119.1
77,95,129.34
77,96,75.82
77,97,82.74
77,98,94.18
77,99,117.86
77,100,80.2
77,101,80.3
77,102,93.62
77,103,104.34
77,104,98.96
77,105,109.68
77,106,120.82
77,107,113.78
77,108,110.28
77,109,105.26
77,110,94.16
77,111,106.48
77,112,116.88
77,113,148.54
77,114,462.12
77,115,963.82
77,116,914.14
77,117,931.0
77,118,980.18
77,119,975.2
77,120,980.02
77,121,978.76
77,122,978.12
77,123,980.52
77,124,980.38
77,125,978.68
77,126,984.38
77,127,982.74
77,128,982.64
77,129,980.02
78,130,979.0
78,129,980.92
78,128,985.26
78,127,978.6
78,126,982.38
78,125,981.9
78,124,980.5
78,123,980.02
78,122,982.14
78,121,979.54
78,120,979.72
78,119,981.52
78,118,978.54
78,117,981.62
78,116,983.68
78,115,980.96
78,114,982.94
78,113,981.34
78,112,979.64
78,111,984.22
78,110,984.08
78,109,955.56
78,108,930.16
78,107,689.82
78,106,166.7
78,105,145.42
78,104,142.66
78,103,165.9
78,102,159.8
78,101,133.9
78,100,115.3
78,99,104.68
78,98,113.4
78,97,129.52
78,96,130.88
78,95,122.34
78,94,95.78
78,93,89.54
78,92,147.6
78,91,330.7
78,90,316.46
78,89,149.84
78,88,295.92
78,87,123.82
78,86,95.78
78,85,90.82
78,84,97.98
78,83,102.12
78,82,98.38
78,81,105.78
78,80,112.62
78,79,97.92
78,78,103.06
78,77,98.42
78,76,101.58
78,75,105.26
78,74,74.38
78,73,89.44
78,72,82.24
78,71,76.6
79,70,109.4
79,71,69.14
79,72,81.1
79,73,95.68
79,74,118.44
79,75,79.28
79,76,66.64
79,77,74.56
79,78,123.0
79,79,80.8
79,80,95.44
79,81,96.08
79,82,94.88
79,83,104.6
79,84,111.06
79,85,105.44
79,86,99.38
79,87,104.22
79,88,83.3
79,89,101.6
79,90,69.28
79,91,89.1
79,92,127.1
79,93,68.58
79,94,114.72
79,95,86.12
79,96,110.52
79,97,125.16
79,98,90.68
79,99,95.56
79,100,99.38
79,101,214.26
79,102,108.94
79,103,114.96
79,104,97.68
79,105,97.4
79,106,106.78
79,107,115.18
79,108,125.46
79,109,128.82
79,110,120.12
79,111,139.28
79,112,150.16
79,113,275.08
79,114,932.54
79,115,966.98
79,116,975.12
79,117,976.62
79,118,977.42
79,119,976.54
79,120,977.26
79,121,980.42
79,122,977.1
79,123,979.32
79,124,979.32
79,125,978.02
79,126,980.98
79,127,980.38
79,128,980.04
79,129,979.46
80,130,980.14
80,129,980.28
80,128,983.58
80,127,983.08
80,126,984.34
80,125,982.94
80,124,982.14
80,123,981.08
80,122,983.78
80,121,983.18
80,120,983.26
80,119,983.22
80,118,978.26
80,117,946.36
80,116,970.84
80,115,970.42
80,114,979.28
80,113,922.94
80,112,963.82
80,111,934.26
80,110,898.16
80,109,774.92
80,108,645.7
80,107,545.24
80,106,618.2
80,105,200.42
80,104,172.72
80,103,172.56
80,102,136.96
80,101,142.58
80,100,129.7
80,99,138.98
80,98,133.26
80,97,123.16
80,96,122.08
80,95,150.04
80,94,89.4
80,93,118.92
80,92,97.42
80,91,99.68
80,90,92.06
80,89,110.86
80,88,122.72
80,87,113.24
80,86,35.9
80,85,221.7
80,84,170.28
80,83,253.42
80,82,240.44
80,81,245.38
80,80,126.66
80,79,95.94
80,78,110.18
80,77,101.22
80,76,106.32
80,75,98.02
80,74,102.6
80,73,104.64
80,72,109.36
80,71,95.86
81,70,107.98
81,71,90.48
81,72,100.08
81,73,99.76
81,74,99.14
81,75,98.96
81,76,100.92
81,77,98.7
81,78,93.02
81,79,104.12
81,80,108.46
81,81,94.72
81,82,106.7
81,83,115.44
81,84,91.24
81,85,236.62
81,86,231.92
81,87,239.12
81,88,250.88
81,89,237.44
81,90,243.26
81,91,236.04
81,92,244.88
81,93,250.62
81,94,257.98
81,95,256.48
81,96,257.84
81,97,251.26
81,98,258.5
81,99,251.88
81,100,256.48
81,101,245.96
81,102,258.76
81,103,265.58
81,104,278.92
81,105,254.38
81,106,257.72
81,107,263.28
81,108,267.58
81,109,275.28
81,110,260.2
81,111,258.62
81,112,257.66
81,113,275.66
81,114,842.98
81,115,966.94
81,116,976.62
81,117,976.5
81,118,979.7
81,119,977.22
81,120,980.3
81,121,978.62
81,122,977.62
81,123,981.08
81,124,981.74
81,125,979.0
81,126,981.1
81,127,979.76
81,128,982.9
81,129,979.44
82,130,983.02
82,129,981.22
82,128,984.54
82,127,982.4
82,126,985.42
82,125,983.8
82,124,983.98
82,123,980.88
82,122,984.36
82,121,981.7
82,120,980.42
82,119,982.96
82,118,980.98
82,117,979.04
82,116,982.16
82,115,982.9
82,114,979.42
82,113,983.78
82,112,977.34
82,111,982.3
82,110,982.48
82,109,979.94
82,108,984.54
82,107,961.78
82,106,256.68
82,105,250.4
82,104,251.34
82,103,242.2
82,102,251.62
82,101,245.58
82,100,260.02
82,99,253.88
82,98,265.58
82,97,259.6
82,96,268.24
82,95,254.66
82,94,263.64
82,93,289.96
82,92,275.78
82,91,268.54
82,90,259.76
82,89,256.72
82,88,252.84
82,87,243.02
82,86,252.9
82,85,254.06
82,84,249.14
82,83,250.46
82,82,260.86
82,81,290.78
82,80,93.16
82,79,105.76
82,78,104.6
82,77,109.7
82,76,114.24
82,75,105.32
82,74,104.28
82,73,104.24
82,72,119.34
82,71,112.58
83,70,107.02
83,71,104.96
83,72,112.72
83,73,112.6
83,74,105.9
83,75,98.4
83,76,109.46
83,77,109.58
83,78,110.26
83,79,103.74
83,80,96.04
83,81,103.2
83,82,110.26
83,83,83.46
83,84,75.66
83,85,254.36
83,86,248.72
83,87,252.42
83,88,247.26
83,89,249.44
83,90,264.8
83,91,262.06
83,92,256.88
83,93,255.2
83,94,262.46
83,95,277.92
83,96,259.66
83,97,252.4
83,98,255.7
83,99,268.26
83,100,246.46
83,101,245.56
83,102,245.56
83,103,236.4
83,104,239.38
83,105,237.02
83,106,243.6
83,107,259.56
83,108,263.54
83,109,285.92
83,110,280.62
83,111,272.68
83,112,260.76
83,113,262.86
83,114,331.14
83,115,392.02
83,116,932.38
83,117,975.48
83,118,975.7
83,119,977.48
83,120,979.08
83,121,979.2
83,122,981.24
83,123,980.16
83,124,979.58
83,125,978.42
83,126,980.88
83,127,980.08
83,128,983.86
83,129,978.86
84,130,982.0
84,129,981.28
84,128,984.18
84,127,982.14
84,126,984.36
84,125,981.56
84,124,980.68
84,123,981.6
84,122,985.32
84,121,983.22
84,120,982.88
84,119,983.94
84,118,983.28
84,117,981.74
84,116,986.7
84,115,984.74
84,114,984.72
84,113,985.32
84,112,984.02
84,111,985.22
84,110,985.26
84,109,980.1
84,108,982.68
84,107,610.26
84,106,314.6
84,105,527.3
84,104,520.58
84,103,532.78
84,102,533.8
84,101,529.42
84,100,290.9
84,99,285.12
84,98,276.38
84,97,288.8
84,96,304.9
84,95,297.2
84,94,295.84
84,93,287.3
84,92,275.84
84,91,298.14
84,90,281.04
84,89,297.6
84,88,269.4
84,87,277.9
84,86,276.54
84,85,290.9
84,84,283.94
84,83,294.32
84,82,314.12
84,81,308.44
84,80,321.4
84,79,326.6
84,78,321.26
84,77,306.64
84,76,316.62
84,75,316.96
84,74,312.96
84,73,314.42
84,72,322.14
84,71,321.64
85,70,62.74
85,71,107.42
85,72,119.3
85,73,97.9
85,74,97.54
85,75,123.12
85,76,114.12
85,77,101.82
85,78,77.1
85,79,62.74
85,80,64.1
85,81,108.44
85,82,95.04
85,83,96.66
85,84,101.3
85,85,99.58
85,86,321.84
85,87,296.9
85,88,102.9
85,89,92.14
85,90,125.54
85,91,128.72
85,92,125.68
85,93,111.0
85,94,105.52
85,95,113.94
85,96,125.72
85,97,130.92
85,98,250.4
85,99,274.56
85,100,257.46
85,101,252.56
85,102,275.84
85,103,279.02
85,104,274.66
85,105,286.26
85,106,270.62
85,107,276.58
85,108,272.42
85,109,295.24
85,110,612.26
85,111,959.2
85,112,977.72
85,113,979.46
85,114,976.16
85,115,976.54
85,116,982.26
85,117,978.96
85,118,979.9
85,119,979.24
85,120,981.5
85,121,981.08
85,122,980.18
85,123,981.28
85,124,979.62
85,125,979.5
85,126,979.96
85,127,981.2
85,128,984.52
85,129,980.38
86,130,984.54
86,129,981.5
86,128,984.64
86,127,982.88
86,126,985.36
86,125,983.04
86,124,983.0
86,123,980.36
86,122,985.06
86,121,984.54
86,120,984.56
86,119,986.64
86,118,985.32
86,117,985.58
86,116,982.2
86,115,981.14
86,114,981.46
86,113,983.52
86,112,980.86
86,111,984.1
86,110,983.6
86,109,981.5
86,108,982.16
86,107,935.18
86,106,503.14
86,105,623.12
86,104,271.28
86,103,188.06
86,102,127.06
86,101,118.68
86,100,108.16
86,99,96.98
86,98,305.9
86,97,299.66
86,96,301.58
86,95,299.4
86,94,274.38
86,93,287.32
86,92,324.46
86,91,336.76
86,90,315.9
86,89,270.04
86,88,256.36
86,87,261.8
86,86,295.22
86,85,319.08
86,84,315.22
86,83,313.48
86,82,326.06
86,81,314.08
86,80,312.42
86,79,314.88
86,78,312.86
86,77,313.9
86,76,215.24
86,75,236.2
86,74,316.68
86,73,318.52
86,72,331.18
86,71,329.44
87,70,322.84
87,71,318.1
87,72,315.88
87,73,321.9
87,74,327.5
87,75,328.98
87,76,325.74
87,77,320.02
87,78,326.72
87,79,320.96
87,80,329.44
87,81,312.58
87,82,292.72
87,83,308.52
87,84,323.12
87,85,324.62
87,86,337.74
87,87,330.28
87,88,274.38
87,89,109.7
87,90,109.36
87,91,124.44
87,92,126.6
87,93,124.78
87,94,127.76
87,95,141.38
87,96,147.62
87,97,155.96
87,98,175.5
87,99,165.24
87,100,147.54
87,101,156.58
87,102,153.48
87,103,371.5
87,104,556.62
87,105,562.94
87,106,571.82
87,107,585.44
87,108,586.44
87,109,980.46
87,110,976.58
87,111,972.18
87,112,978.08
87,113,978.72
87,114,978.56
87,115,980.58
87,116,983.08
87,117,980.2
87,118,980.94
87,119,978.88
87,120,980.82
87,121,979.42
87,122,982.72
87,123,981.06
87,124,983.4
87,125,979.86
87,126,980.3
87,127,982.5
87,128,985.6
87,129,979.86
88,130,984.76
88,129,981.82
88,128,984.16
88,127,983.54
88,126,985.0
88,125,984.36
88,124,983.06
88,123,984.48
88,122,985.9
88,121,983.16
88,120,982.68
88,119,984.8
88,118,983.34
88,117,978.74
88,116,984.32
88,115,980.42
88,114,981.64
88,113,984.86
88,112,984.16
88,111,983.96
88,110,984.78
88,109,979.08
88,108,983.88
88,107,982.06
88,106,984.2
88,105,564.36
88,104,449.08
88,103,132.04
88,102,137.38
88,101,120.38
88,100,108.16
88,99,314.12
88,98,146.72
88,97,325.72
88,96,340.42
88,95,319.36
88,94,317.44
88,93,316.78
88,92,333.78
88,91,328.34
88,90,322.0
88,89,309.5
88,88,324.42
88,87,317.58
88,86,339.98
88,85,318.74
88,84,311.52
88,83,319.76
88,82,325.88
88,81,339.3
88,80,315.22
88,79,315.02
88,78,323.54
88,77,327.08
88,76,322.24
88,75,313.8
88,74,321.62
88,73,302.54
88,72,321.08
88,71,322.18
89,70,327.26
89,71,324.76
89,72,316.76
89,73,313.22
89,74,314.92
89,75,327.58
89,76,324.96
89,77,317.6
89,78,315.92
89,79,324.04
89,80,326.04
89,81,340.68
89,82,317.84
89,83,324.94
89,84,321.32
89,85,335.58
89,86,322.12
89,87,325.74
89,88,321.06
89,89,199.68
89,90,128.44
89,91,132.46
89,92,147.2
89,93,136.7
89,94,138.36
89,95,138.64
89,96,139.66
89,97,156.26
89,98,145.94
89,99,132.26
89,100,138.84
89,101,159.12
89,102,489.72
89,103,533.82
89,104,540.14
89,105,591.18
89,106,786.46
89,107,970.2
89,108,973.54
89,109,974.6
89,110,981.72
89,111,977.96
89,112,981.02
89,113,980.16
89,114,980.66
89,115,978.7
89,116,980.24
89,117,982.48
89,118,981.6
89,119,979.5
89,120,985.62
89,121,979.54
89,122,984.46
89,123,981.32
89,124,982.04
89,125,979.94
89,126,980.76
89,127,980.56
89,128,986.42
89,129,980.7
90,130,985.18
90,129,982.06
90,128,986.24
90,127,983.26
90,126,986.46
90,125,981.34
90,124,980.96
90,123,982.06
90,122,981.44
90,121,981.54
90,120,981.5
90,119,981.1
90,118,982.44
90,117,979.56
90,116,981.38
90,115,981.48
90,114,982.26
90,113,982.44
90,112,980.8
90,111,982.36
90,110,981.52
90,109,981.38
90,108,985.02
90,107,980.14
90,106,983.3
90,105,631.5
90,104,562.58
90,103,435.6
90,102,185.12
90,101,128.98
90,100,139.12
90,99,136.2
90,98,343.04
90,97,334.02
90,96,314.46
90,95,318.7
90,94,328.84
90,93,329.06
90,92,320.98
90,91,321.42
90,90,319.22
90,89,318.8
90,88,333.66
90,87,323.62
90,86,315.84
90,85,316.76
90,84,314.48
90,83,324.4
90,82,314.56
90,81,317.2
90,80,310.76
90,79,325.9
90,78,333.12
90,77,319.6
90,76,322.62
90,75,293.68
90,74,293.18
90,73,288.7
90,72,258.8
90,71,255.06
91,70,269.4
91,71,241.7
91,72,262.96
91,73,183.92
91,74,130.58
91,75,156.76
91,76,115.38
91,77,76.1
91,78,99.54
91,79,97.42
91,80,138.0
91,81,103.0
91,82,100.08
91,83,86.74
91,84,176.74
91,85,338.3
91,86,139.7
91,87,85.28
91,88,73.0
91,89,107.02
91,90,117.12
91,91,116.92
91,92,113.2
91,93,115.12
91,94,107.64
91,95,134.38
91,96,136.62
91,97,136.48
91,98,137.44
91,99,132.92
91,100,125.5
91,101,148.14
91,102,157.52
91,103,167.42
91,104,501.48
91,105,673.7
91,106,977.44
91,107,974.84
91,108,977.72
91,109,978.56
91,110,984.5
91,111,979.42
91,112,983.4
91,113,983.16
91,114,979.22
91,115,981.22
91,116,981.48
91,117,980.22
91,118,980.6
91,119,977.9
91,120,981.52
91,121,979.38
91,122,979.48
91,123,980.6
91,124,981.02
91,125,978.84
91,126,979.12
91,127,980.98
91,128,982.68
91,129,979.46
92,130,981.16
92,129,981.96
92,128,984.72
92,127,982.56
92,126,985.12
92,125,982.98
92,124,982.24
92,123,982.54
92,122,983.96
92,121,982.88
92,120,982.32
92,119,984.8
92,118,983.22
92,117,984.3
92,116,984.44
92,115,984.1
92,114,985.52
92,113,983.24
92,112,982.2
92,111,982.92
92,110,984.12
92,109,980.32
92,108,984.56
92,107,981.66
92,106,981.58
92,105,666.68
92,104,172.88
92,103,137.98
92,102,145.12
92,101,115.28
92,100,135.7
92,99,140.9
92,98,137.54
92,97,107.94
92,96,132.52
92,95,170.92
92,94,326.82
92,93,327.82
92,92,338.1
92,91,333.22
92,90,333.22
92,89,324.3
92,88,320.2
92,87,313.96
92,86,337.96
92,85,327.32
92,84,320.44
92,83,322.0
92,82,332.08
92,81,306.96
92,80,320.28
92,79,322.6
92,78,318.84
92,77,101.62
92,76,104.6
92,75,106.86
92,74,97.66
92,73,80.5
92,72,95.28
92,71,94.8
93,70,85.88
93,71,102.02
93,72,100.14
93,73,122.18
93,74,99.56
93,75,100.52
93,76,106.5
93,77,110.26
93,78,108.16
93,79,118.44
93,80,110.88
93,81,98.32
93,82,83.84
93,83,100.28
93,84,100.14
93,85,191.18
93,86,260.14
93,87,238.96
93,88,122.98
93,89,135.42
93,90,138.34
93,91,136.54
93,92,142.06
93,93,147.28
93,94,173.88
93,95,162.7
93,96,164.4
93,97,150.82
93,98,148.88
93,99,165.82
93,100,143.18
93,101,139.28
93,102,181.94
93,103,375.64
93,104,956.78
93,105,969.4
93,106,976.06
93,107,977.82
93,108,979.78
93,109,979.58
93,110,984.82
93,111,978.64
93,112,981.56
93,113,981.38
93,114,980.48
93,115,982.1
93,116,982.16
93,117,984.02
93,118,983.66
93,119,980.3
93,120,983.42
93,121,981.06
93,122,984.06
93,123,981.3
93,124,983.56
93,125,978.44
93,126,980.14
93,127,981.34
93,128,984.32
93,129,980.34
94,130,980.94
94,129,982.54
94,128,983.82
94,127,980.86
94,126,984.14
94,125,980.72
94,124,980.62
94,123,981.38
94,122,985.16
94,121,981.44
94,120,981.26
94,119,982.08
94,118,981.16
94,117,983.74
94,116,982.98
94,115,982.42
94,114,984.3
94,113,982.0
94,112,982.02
94,111,982.46
94,110,985.18
94,109,980.84
94,108,984.62
94,107,983.88
94,106,985.74
94,105,857.56
94,104,159.98
94,103,165.4
94,102,138.06
94,101,145.24
94,100,137.0
94,99,127.72
94,98,94.48
94,97,120.9
94,96,84.0
94,95,82.96
94,94,125.36
94,93,108.38
94,92,115.66
94,91,85.84
94,90,112.4
94,89,79.28
94,88,129.08
94,87,104.12
94,86,94.8
94,85,88.26
94,84,122.08
94,83,93.08
94,82,80.56
94,81,110.56
94,80,78.24
94,79,121.7
94,78,129.74
94,77,82.8
94,76,86.78
94,75,114.52
94,74,104.3
94,73,70.24
94,72,102.2
94,71,81.64
95,70,70.46
95,71,66.28
95,72,81.56
95,73,92.84
95,74,120.2
95,75,69.18
95,76,114.66
95,77,95.98
95,78,108.66
95,79,78.86
95,80,114.7
95,81,71.24
95,82,76.86
95,83,100.84
95,84,106.66
95,85,130.6
95,86,93.52
95,87,112.9
95,88,109.08
95,89,109.58
95,90,101.28
95,91,111.64
95,92,112.58
95,93,112.38
95,94,140.8
95,95,136.06
95,96,148.46
95,97,151.76
95,98,137.46
95,99,136.94
95,100,164.82
95,101,139.22
95,102,337.04
95,103,654.18
95,104,694.44
95,105,675.42
95,106,678.36
95,107,864.12
95,108,972.96
95,109,977.06
95,110,981.7
95,111,977.8
95,112,980.74
95,113,979.7
95,114,979.24
95,115,979.08
95,116,980.88
95,117,983.44
95,118,980.08
95,119,981.54
95,120,979.42
95,121,981.46
95,122,980.82
95,123,980.38
95,124,980.3
95,125,980.78
95,126,981.14
95,127,983.72
95,128,983.34
95,129,983.2
96,130,982.4
96,129,981.24
96,128,984.42
96,127,982.3
96,126,984.52
96,125,983.38
96,124,982.22
96,123,983.1
96,122,985.8
96,121,984.24
96,120,983.1
96,119,984.42
96,118,982.56
96,117,982.28
96,116,980.88
96,115,981.72
96,114,982.58
96,113,981.44
96,112,981.28
96,111,980.68
96,110,984.3
96,109,980.28
96,108,982.22
96,107,980.96
96,106,981.18
96,105,757.4
96,104,713.1
96,103,390.52
96,102,148.08
96,101,151.18
96,100,162.9
96,99,145.8
96,98,115.88
96,97,114.94
96,96,106.54
96,95,81.58
96,94,87.72
96,93,95.2
96,92,80.02
96,91,114.26
96,90,87.98
96,89,92.22
96,88,114.46
96,87,100.48
96,86,96.78
96,85,102.64
96,84,106.0
96,83,115.16
96,82,105.76
96,81,111.98
96,80,101.22
96,79,100.26
96,78,122.46
96,77,113.56
96,76,97.06
96,75,120.94
96,74,106.8
96,73,120.54
96,72,97.56
96,71,115.18
97,70,102.82
97,71,110.5
97,72,118.36
97,73,111.36
97,74,112.38
97,75,99.52
97,76,101.32
97,77,117.36
97,78,114.86
97,79,113.4
97,80,120.0
97,81,111.14
97,82,105.4
97,83,109.96
97,84,117.36
97,85,94.12
97,86,92.16
97,87,97.06
97,88,112.28
97,89,109.62
97,90,111.44
97,91,108.32
97,92,127.06
97,93,114.38
97,94,117.78
97,95,144.22
97,96,152.7
97,97,147.94
97,98,142.52
97,99,168.28
97,100,380.8
97,101,660.84
97,102,932.8
97,103,966.86
97,104,976.16
97,105,977.82
97,106,977.9
97,107,976.9
97,108,980.18
97,109,977.64
97,110,983.6
97,111,978.38
97,112,983.5
97,113,981.74
97,114,978.84
97,115,981.46
97,116,981.26
97,117,982.86
97,118,980.8
97,119,981.88
97,120,982.94
97,121,981.72
97,122,982.3
97,123,981.22
97,124,981.64
97,125,983.4
97,126,980.7
97,127,983.96
97,128,985.18
97,129,173.72
98,130,123.28
98,129,313.48
98,128,941.5
98,127,967.08
98,126,980.26
98,125,977.98
98,124,977.44
98,123,979.14
98,122,982.52
98,121,982.26
98,120,981.58
98,119,982.04
98,118,981.74
98,117,981.92
98,116,982.58
98,115,982.36
98,114,982.34
98,113,982.1
98,112,980.8
98,111,982.5
98,110,984.02
98,109,980.1
98,108,983.92
98,107,980.84
98,106,984.82
98,105,973.42
98,104,623.6
98,103,641.24
98,102,425.16
98,101,186.32
98,100,145.86
98,99,88.68
98,98,116.7
98,97,117.94
98,96,104.76
98,95,112.8
98,94,314.2
98,93,321.88
98,92,339.48
98,91,246.76
98,90,80.6
98,89,94.86
98,88,88.44
98,87,109.88
98,86,79.62
98,85,72.94
98,84,98.06
98,83,73.24
98,82,106.7
98,81,100.46
98,80,97.32
98,79,92.52
98,78,106.96
98,77,116.7
98,76,109.02
98,75,97.94
98,74,106.92
98,73,116.34
98,72,104.34
98,71,103.68
99,70,112.66
99,71,106.14
99,72,108.72
99,73,107.54
99,74,101.96
99,75,92.0
99,76,101.26
99,77,99.38
99,78,112.18
99,79,93.2
99,80,108.96
99,81,100.08
99,82,92.34
99,83,111.78
99,84,112.18
99,85,98.58
99,86,107.72
99,87,123.42
99,88,166.28
99,89,163.72
99,90,160.22
99,91,175.76
99,92,174.02
99,93,131.62
99,94,169.66
99,95,154.58
99,96,162.54
99,97,170.14
99,98,182.8
99,99,617.98
99,100,876.28
99,101,970.94
99,102,970.58
99,103,977.36
99,104,978.98
99,105,979.96
99,106,982.4
99,107,980.66
99,108,978.84
99,109,979.48
99,110,981.16
99,111,979.0
99,112,982.6
99,113,980.22
99,114,979.08
99,115,979.94
99,116,980.5
99,117,981.66
99,118,980.76
99,119,978.96
99,120,980.72
99,121,980.9
99,122,979.08
99,123,980.44
99,124,978.76
99,125,361.14
99,126,285.22
99,127,300.2
99,128,299.56
99,129,300.82
100,130,318.36
100,129,313.36
100,128,331.94
100,127,294.32
100,126,552.18
100,125,970.24
100,124,977.5
100,123,980.32
100,122,982.28
100,121,981.96
100,120,984.6
100,119,980.86
100,118,979.46
100,117,981.22
100,116,992.44
100,115,989.9
100,114,983.86
100,113,983.06
100,112,983.62
100,111,982.58
100,110,984.36
100,109,981.42
100,108,984.54
100,107,983.22
100,106,985.46
100,105,983.04
100,104,581.04
100,103,151.52
100,102,172.9
100,101,134.8
100,100,156.82
100,99,118.58
100,98,109.52
100,97,108.2
100,96,80.7
100,95,93.02
100,94,311.66
100,93,153.48
100,92,78.4
100,91,105.46
100,90,104.4
100,89,80.5
100,88,115.46
100,87,103.94
100,86,109.48
100,85,110.18
100,84,105.98
100,83,122.14
100,82,105.54
100,81,92.96
100,80,109.5
100,79,106.7
100,78,104.54
100,77,111.8
100,76,100.12
100,75,92.2
100,74,105.8
100,73,107.48
100,72,101.06
100,71,104.44
101,70,112.38
101,71,111.64
101,72,101.72
101,73,106.46
101,74,94.1
101,75,107.64
101,76,100.78
101,77,104.7
101,78,95.18
101,79,110.68
101,80,86.94
101,81,101.84
101,82,106.48
101,83,110.74
101,84,98.3
101,85,90.4
101,86,104.64
101,87,130.64
101,88,132.44
101,89,125.74
101,90,123.22
101,91,121.1
101,92,128.3
101,93,154.06
101,94,147.6
101,95,168.44
101,96,343.14
101,97,875.28
101,98,969.8
101,99,976.88
101,100,981.1
101,101,979.26
101,102,982.34
101,103,983.54
101,104,979.88
101,105,980.74
101,106,980.36
101,107,979.0
101,108,981.3
101,109,979.36
101,110,983.92
101,111,982.16
101,112,979.92
101,113,982.62
101,114,978.74
101,115,979.94
101,116,981.38
101,117,980.74
101,118,980.86
101,119,980.48
101,120,979.38
101,121,803.32
101,122,131.38
101,123,172.7
101,124,261.7
101,125,294.42
101,126,293.12
101,127,289.24
101,128,297.02
101,129,288.14
102,130,310.4
102,129,321.02
102,128,330.3
102,127,295.98
102,126,290.08
102,125,302.72
102,124,221.5
102,123,931.2
102,122,972.86
102,121,978.56
102,120,979.74
102,119,980.64
102,118,981.04
102,117,981.84
102,116,983.7
102,115,982.06
102,114,983.58
102,113,984.02
102,112,980.6
102,111,982.96
102,110,984.02
102,109,982.38
102,108,984.66
102,107,980.0
102,106,981.72
102,105,979.06
102,104,279.2
102,103,161.0
102,102,124.82
102,101,117.38
102,100,101.9
102,99,116.96
102,98,106.88
102,97,100.36
102,96,99.48
102,95,107.32
102,94,77.26
102,93,70.4
102,92,80.16
102,91,92.44
102,90,82.6
102,89,96.54
102,88,93.92
102,87,106.54
102,86,102.7
102,85,115.66
102,84,104.46
102,83,115.08
102,82,93.3
102,81,104.32
102,80,108.14
102,79,96.22
102,78,114.88
102,77,96.92
102,76,108.58
102,75,110.06
102,74,121.26
102,73,108.84
102,72,98.54
102,71,100.22
103,70,104.46
103,71,121.06
103,72,109.92
103,73,101.44
103,74,104.44
103,75,110.2
103,76,110.0
103,77,103.14
103,78,101.54
103,79,88.92
103,80,107.06
103,81,123.82
103,82,112.78
103,83,102.08
103,84,90.92
103,85,98.06
103,86,107.06
103,87,111.28
103,88,121.54
103,89,131.86
103,90,149.98
103,91,148.32
103,92,144.24
103,93,154.7
103,94,141.24
103,95,311.98
103,96,959.28
103,97,972.28
103,98,976.16
103,99,977.28
103,100,981.62
103,101,981.28
103,102,980.88
103,103,982.5
103,104,979.7
103,105,981.8
103,106,980.54
103,107,979.94
103,108,983.1
103,109,982.02
103,110,983.84
103,111,981.38
103,112,984.02
103,113,979.64
103,114,980.2
103,115,982.32
103,116,981.38
103,117,299.06
103,118,108.12
103,119,106.36
103,120,99.2
103,121,107.52
103,122,113.24
103,123,78.6
103,124,279.82
103,125,290.24
103,126,300.62
103,127,285.56
103,128,308.56
103,129,297.18
104,130,310.46
104,129,325.34
104,128,321.14
104,127,286.06
104,126,296.78
104,125,295.8
104,124,294.02
104,123,285.62
104,122,530.1
104,121,967.72
104,120,975.7
104,119,980.7
104,118,983.22
104,117,982.44
104,116,983.96
104,115,983.8
104,114,983.54
104,113,983.44
104,112,981.56
104,111,983.92
104,110,984.16
104,109,981.32
104,108,982.6
104,107,982.4
104,106,980.9
104,105,255.5
104,104,137.16
104,103,123.56
104,102,130.6
104,101,155.14
104,100,143.68
104,99,121.22
104,98,113.46
104,97,89.82
104,96,128.16
104,95,68.12
104,94,71.02
104,93,104.84
104,92,109.42
104,91,106.8
104,90,85.26
104,89,105.46
104,88,104.38
104,87,104.8
104,86,113.62
104,85,101.22
104,84,115.56
104,83,98.84
104,82,101.82
104,81,100.96
104,80,101.82
104,79,111.88
104,78,103.48
104,77,87.3
104,76,97.42
104,75,99.0
104,74,95.52
104,73,104.5
104,72,101.44
104,71,113.4
105,70,113.16
105,71,102.52
105,72,94.32
105,73,111.08
105,74,108.16
105,75,96.38
105,76,95.88
105,77,102.32
105,78,102.16
105,79,96.08
105,80,82.3
105,81,106.06
105,82,100.22
105,83,105.4
105,84,104.74
105,85,97.1
105,86,85.42
105,87,99.44
105,88,105.72
105,89,112.56
105,90,104.56
105,91,131.7
105,92,117.18
105,93,135.54
105,94,129.78
105,95,786.08
105,96,961.46
105,97,970.94
105,98,975.88
105,99,978.4
105,100,980.6
105,101,980.42
105,102,979.24
105,103,981.62
105,104,979.76
105,105,980.02
105,106,980.7
105,107,981.08
105,108,983.68
105,109,979.98
105,110,983.48
105,111,981.72
105,112,984.52
105,113,117.66
105,114,126.28
105,115,112.32
105,116,119.1
105,117,108.52
105,118,100.52
105,119,110.72
105,120,105.98
105,121,107.92
105,122,111.76
105,123,134.06
105,124,146.14
105,125,194.18
105,126,291.46
105,127,291.14
105,128,293.98
105,129,308.2
106,130,311.36
106,129,302.54
106,128,304.5
106,127,302.06
106,126,319.5
106,125,294.52
106,124,289.82
106,123,286.4
106,122,295.16
106,121,988.98
106,120,971.98
106,119,975.74
106,118,975.08
106,117,977.22
106,116,981.06
106,115,979.54
106,114,980.62
106,113,982.12
106,112,979.62
106,111,981.34
106,110,985.3
106,109,980.5
106,108,985.66
106,107,980.78
106,106,963.52
106,105,317.52
106,104,137.84
106,103,108.84
106,102,102.94
106,101,119.56
106,100,123.68
106,99,104.04
106,98,86.06
106,97,99.44
106,96,88.06
106,95,187.12
106,94,90.24
106,93,93.4
106,92,111.44
106,91,102.48
106,90,92.12
106,89,85.36
106,88,74.76
106,87,89.06
106,86,100.54
106,85,114.96
106,84,89.04
106,83,110.2
106,82,122.1
106,81,69.2
106,80,113.94
106,79,103.34
106,78,85.28
106,77,101.74
106,76,76.0
106,75,83.6
106,74,107.72
106,73,101.72
106,72,112.58
106,71,110.14
107,70,102.32
107,71,105.08
107,72,108.48
107,73,115.16
107,74,90.64
107,75,80.52
107,76,116.22
107,77,111.36
107,78,109.42
107,79,121.94
107,80,103.32
107,81,75.24
107,82,81.2
107,83,98.62
107,84,105.46
107,85,109.44
107,86,116.48
107,87,118.6
107,88,138.14
107,89,129.28
107,90,106.36
107,91,102.2
107,92,256.84
107,93,310.94
107,94,667.72
107,95,965.26
107,96,972.74
107,97,977.68
107,98,979.18
107,99,979.8
107,100,983.84
107,101,981.92
107,102,982.52
107,103,982.08
107,104,980.48
107,105,982.94
107,106,982.22
107,107,980.76
107,108,984.06
107,109,981.86
107,110,636.46
107,111,135.86
107,112,102.7
107,113,287.56
107,114,279.48
107,115,292.96
107,116,291.76
107,117,317.46
107,118,297.86
107,119,295.66
107,120,293.58
107,121,288.98
107,122,299.84
107,123,306.84
107,124,295.1
107,125,295.74
107,126,282.6
107,127,289.0
107,128,305.08
107,129,309.8
108,130,298.5
108,129,298.38
108,128,330.4
108,127,301.54
108,126,309.84
108,125,297.22
108,124,293.3
108,123,290.68
108,122,302.1
108,121,251.5
108,120,967.24
108,119,978.08
108,118,979.26
108,117,977.5
108,116,983.72
108,115,982.26
108,114,982.42
108,113,983.46
108,112,981.54
108,111,986.58
108,110,984.84
108,109,977.0
108,108,423.36
108,107,357.12
108,106,783.86
108,105,780.22
108,104,719.98
108,103,145.62
108,102,124.12
108,101,268.66
108,100,269.06
108,99,283.32
108,98,306.94
108,97,299.62
108,96,279.78
108,95,247.16
108,94,264.3
108,93,247.4
108,92,262.54
108,91,236.46
108,90,252.02
108,89,254.48
108,88,264.72
108,87,248.06
108,86,244.02
108,85,228.56
108,84,252.58
108,83,251.36
108,82,268.48
108,81,262.52
108,80,254.54
108,79,257.22
108,78,256.08
108,77,275.64
108,76,283.84
108,75,263.24
108,74,285.76
108,73,103.3
108,72,117.78
108,71,113.5
109,70,109.82
109,71,120.66
109,72,125.56
109,73,122.82
109,74,129.9
109,75,119.54
109,76,102.74
109,77,115.26
109,78,121.24
109,79,132.44
109,80,116.44
109,81,108.72
109,82,119.8
109,83,125.46
109,84,109.82
109,85,106.14
109,86,108.7
109,87,104.9
109,88,126.96
109,89,111.44
109,90,124.32
109,91,123.82
109,92,117.86
109,93,933.8
109,94,969.62
109,95,975.4
109,96,978.6
109,97,979.42
109,98,979.88
109,99,979.56
109,100,979.0
109,101,982.4
109,102,979.76
109,103,980.92
109,104,979.6
109,105,980.7
109,106,978.94
109,107,979.5
109,108,176.88
109,109,117.66
109,110,113.3
109,111,317.56
109,112,302.26
109,113,299.9
109,114,301.02
109,115,304.92
109,116,304.88
109,117,308.0
109,118,306.28
109,119,306.48
109,120,316.7
109,121,321.96
109,122,300.88
109,123,284.4
109,124,312.0
109,125,318.86
109,126,297.76
109,127,316.28
109,128,283.98
109,129,324.1
