60,150,573.82
60,149,581.24
60,148,586.69
60,147,581.61
60,146,567.81
60,145,546.98
60,144,537.98
60,143,546.14
60,142,560.65
60,141,561.37
60,140,569.34
60,139,570.7
60,138,579.9
60,137,575.62
60,136,569.36
60,135,570.7
60,134,567.65
60,133,570.39
60,132,569.19
60,131,571.63
60,130,592.0
60,129,596.43
60,128,577.22
60,115,587.62
60,114,554.95
60,113,523.62
60,112,492.47
60,111,465.0
60,110,439.69
60,109,395.01
60,108,373.37
60,107,356.64
60,106,343.49
60,105,332.56
60,104,324.05
60,103,317.57
60,102,312.17
61,101,590.54
61,104,594.92
61,105,592.32
61,106,594.94
61,107,599.0
61,108,591.8
61,109,590.91
61,110,590.27
61,111,593.27
61,112,588.87
61,113,590.28
61,114,590.17
61,115,589.23
61,116,589.97
61,117,589.35
61,118,590.07
61,119,589.79
61,120,590.06
61,121,590.79
61,122,592.03
61,123,589.57
61,124,574.84
61,125,559.77
61,126,580.13
61,127,590.24
61,128,572.86
61,129,545.93
61,130,542.91
61,131,546.34
61,132,550.98
61,133,545.54
61,134,538.45
61,135,548.88
61,136,541.0
61,137,537.62
61,138,542.77
61,139,538.69
61,140,534.29
61,141,572.27
61,142,564.06
61,143,558.59
61,144,554.32
61,145,554.94
61,146,554.14
61,147,563.44
61,148,564.09
61,149,567.23
62,150,569.08
62,149,570.39
62,148,566.77
62,147,563.02
62,146,560.01
62,145,555.99
62,144,553.32
62,143,556.14
62,142,559.83
62,141,539.87
62,140,551.06
62,139,547.92
62,138,547.46
62,137,547.29
62,136,542.04
62,135,545.37
62,134,547.65
62,133,561.39
62,132,556.02
62,131,544.08
62,130,542.85
62,129,545.56
62,128,369.29
62,127,544.55
62,116,588.07
62,115,556.72
62,114,527.63
62,113,497.95
62,112,471.31
62,111,446.77
62,110,423.53
62,109,403.97
62,108,365.39
62,107,349.1
62,106,336.49
62,105,328.33
62,104,321.66
62,103,315.35
62,102,310.98
62,101,305.24
62,87,566.22
62,86,566.39
62,85,566.53
62,84,564.96
62,83,556.31
62,82,526.33
62,81,316.78
63,105,595.25
63,106,584.93
63,107,580.17
63,108,592.11
63,109,574.33
63,110,565.62
63,111,565.63
63,112,577.37
63,113,563.02
63,114,597.1
63,115,598.65
63,116,596.31
63,117,594.59
63,118,590.96
63,119,590.71
63,120,591.25
63,121,591.46
63,122,590.97
63,123,590.28
63,124,591.05
63,125,589.44
63,126,588.52
63,127,590.77
63,128,588.32
63,129,586.35
63,130,586.91
63,131,586.69
63,132,585.52
63,133,586.41
63,134,581.71
63,135,582.93
63,136,582.16
63,137,580.57
63,138,577.22
63,139,577.72
63,140,573.8
63,141,573.8
63,142,566.66
63,143,565.45
63,144,557.19
63,145,556.77
63,146,556.3
63,147,560.69
63,148,563.45
63,149,562.68
64,150,569.45
64,149,569.41
64,148,565.33
64,147,561.8
64,146,557.38
64,145,555.4
64,144,555.54
64,143,559.32
64,142,562.13
64,141,569.01
64,140,571.7
64,139,572.12
64,138,575.69
64,137,579.43
64,136,581.67
64,135,582.03
64,134,582.19
64,133,583.29
64,132,586.48
64,131,587.17
64,130,587.51
64,129,590.15
64,128,592.65
64,127,589.37
64,126,597.1
64,115,584.85
64,114,552.28
64,113,522.98
64,112,493.45
64,111,466.43
64,110,441.59
64,109,419.74
64,108,397.46
64,107,361.67
64,106,344.94
64,105,333.98
64,104,325.77
64,103,318.22
64,102,312.9
64,101,307.89
64,81,439.39
65,103,593.2
65,104,597.24
65,105,591.46
65,106,591.43
65,107,590.99
65,108,594.55
65,109,589.86
65,110,590.93
65,111,590.47
65,112,589.62
65,113,588.38
65,114,589.47
65,115,588.61
65,116,587.53
65,117,587.63
65,118,588.06
65,119,587.47
65,120,588.05
65,121,587.87
65,122,586.54
65,123,586.66
65,124,587.15
65,125,588.39
65,126,587.48
65,127,587.4
65,128,583.07
65,129,584.13
65,130,583.19
65,131,582.22
65,132,583.16
65,133,582.84
65,134,583.3
65,135,579.56
65,136,579.6
65,137,579.16
65,138,577.33
65,139,576.99
65,140,573.08
65,141,572.57
65,142,569.36
65,143,565.94
65,144,563.15
65,145,557.3
65,146,557.78
65,147,560.42
65,148,563.45
65,149,565.79
66,150,567.44
66,149,567.66
66,148,567.68
66,147,563.2
66,146,560.35
66,145,556.42
66,144,556.74
66,143,561.32
66,142,567.09
66,141,570.32
66,140,573.15
66,139,574.54
66,138,576.13
66,137,578.29
66,136,581.55
66,135,582.53
66,134,582.99
66,133,585.19
66,132,585.85
66,131,587.28
66,130,587.4
66,129,588.04
66,128,588.31
66,127,592.04
66,126,599.75
66,117,577.4
66,116,545.31
66,115,516.69
66,114,487.89
66,113,461.8
66,112,438.35
66,111,415.73
66,110,396.18
66,109,379.7
66,108,344.47
66,107,331.57
66,106,322.38
66,105,316.41
66,104,311.84
66,103,307.25
66,102,304.29
66,101,302.16
66,86,569.82
66,85,569.38
66,84,569.3
66,83,566.02
66,82,559.34
66,81,522.93
66,80,303.63
67,104,593.34
67,105,598.67
67,106,596.72
67,107,594.28
67,109,599.15
67,117,599.8
67,122,590.79
67,123,591.43
67,124,593.68
67,125,591.25
67,126,590.62
67,127,592.68
67,128,592.0
67,129,589.36
67,130,590.04
67,131,587.79
67,132,588.12
67,133,589.86
67,134,587.46
67,135,587.46
67,136,586.17
67,137,584.48
67,138,583.73
67,139,581.07
67,140,578.8
67,141,578.87
67,142,578.98
67,143,577.98
67,144,569.6
67,145,566.19
67,146,564.22
67,147,567.55
67,148,568.46
67,149,572.14
68,150,569.6
68,149,573.57
68,148,571.8
68,147,565.01
68,146,563.68
68,145,561.24
68,144,562.71
68,143,567.19
68,142,570.85
68,141,574.97
68,140,575.85
68,139,578.68
68,138,581.86
68,137,583.46
68,136,583.86
68,135,588.62
68,134,590.09
68,133,591.2
68,132,590.72
68,131,587.48
68,130,591.2
68,129,592.41
68,128,594.06
68,127,592.37
68,117,580.7
68,116,549.87
68,115,521.48
68,114,492.87
68,113,466.12
68,112,442.02
68,111,420.52
68,110,400.85
68,109,382.76
68,108,346.14
68,107,332.71
68,106,323.84
68,105,316.88
68,104,311.53
68,103,307.38
68,102,304.38
68,86,569.91
68,85,570.38
68,84,570.21
68,83,566.17
68,82,562.53
68,81,543.06
68,80,428.91
69,104,580.1
69,105,572.33
69,106,569.95
69,107,576.24
69,108,562.47
69,109,595.62
69,113,594.35
69,114,599.24
69,119,598.09
69,120,598.21
69,121,598.79
69,122,597.26
69,124,599.46
69,125,593.83
69,126,593.41
69,127,592.82
69,128,592.38
69,129,591.07
69,130,590.98
69,131,589.31
69,132,589.79
69,133,588.27
69,134,587.62
69,135,587.69
69,136,587.04
69,137,585.56
69,138,583.83
69,139,584.63
69,140,581.39
69,141,582.89
69,142,578.58
69,143,575.11
69,144,569.22
69,145,568.39
69,146,564.53
69,147,566.86
69,148,567.57
69,149,570.15
70,150,569.89
70,149,570.5
70,148,570.25
70,147,563.82
70,146,562.85
70,145,562.9
70,144,565.78
70,143,570.74
70,142,573.64
70,141,574.98
70,140,577.9
70,139,577.76
70,138,581.84
70,137,582.31
70,136,584.05
70,135,584.92
70,134,586.4
70,133,585.1
70,132,589.65
70,131,589.22
70,130,589.43
70,129,591.06
70,128,596.6
70,127,592.69
70,126,599.09
70,118,579.26
70,117,549.81
70,116,518.91
70,115,489.03
70,114,463.8
70,113,440.3
70,112,419.26
70,111,399.2
70,110,380.39
70,109,344.82
70,108,333.32
70,107,324.59
70,106,317.15
70,105,311.15
70,104,306.64
70,103,303.31
70,102,300.42
70,86,461.08
70,85,571.87
70,84,572.59
70,83,569.47
70,82,566.09
70,81,552.8
70,80,495.37
71,105,594.96
71,106,599.21
71,107,595.75
71,108,599.68
71,120,584.32
71,121,596.28
71,122,584.14
71,123,586.34
71,124,578.19
71,125,598.27
71,127,597.05
71,128,597.11
71,129,599.21
71,130,594.53
71,133,597.07
71,134,593.87
71,135,591.34
71,136,590.65
71,137,595.01
71,138,593.25
71,139,593.02
71,140,590.63
71,141,587.98
71,142,585.97
71,143,582.79
71,144,578.0
71,145,578.8
71,146,574.55
71,147,574.88
71,148,574.57
71,149,574.78
72,150,579.02
72,149,575.05
72,148,573.87
72,147,570.7
72,146,571.46
72,145,572.36
72,144,573.02
72,143,575.69
72,142,581.13
72,141,584.85
72,140,584.9
72,139,583.61
72,138,584.67
72,137,586.14
72,136,586.07
72,135,588.26
72,134,590.9
72,133,590.32
72,132,592.66
72,131,592.91
72,130,592.62
72,129,591.95
72,128,593.59
72,127,593.2
72,125,574.96
72,124,543.83
72,123,513.73
72,122,484.33
72,121,457.71
72,120,434.94
72,119,414.46
72,118,394.93
72,117,377.88
72,116,363.4
72,115,351.33
72,114,341.78
72,113,333.46
72,112,326.37
72,111,319.76
72,92,576.55
72,91,577.93
72,90,576.58
72,89,576.16
72,88,576.39
72,87,576.08
72,86,573.49
72,85,572.54
72,84,572.79
72,83,573.0
72,82,569.68
72,81,563.14
72,80,532.9
72,79,370.16
73,103,596.71
73,105,580.71
73,108,593.12
73,109,585.82
73,110,581.4
73,111,568.66
73,112,569.94
73,113,587.59
73,114,582.0
73,115,587.8
73,116,573.88
73,117,581.98
73,118,585.67
73,119,576.58
73,120,580.36
73,121,584.43
73,122,583.67
73,123,574.59
73,124,584.85
73,125,577.57
73,126,583.36
73,127,574.04
73,128,561.34
73,129,568.31
73,130,571.35
73,131,569.82
73,132,564.07
73,133,580.7
73,134,580.74
73,135,579.77
73,136,586.36
73,137,577.75
73,138,576.02
73,139,579.47
73,140,576.48
73,141,572.09
73,142,569.99
73,143,566.23
73,144,570.53
73,145,563.11
73,146,564.72
73,147,564.37
73,148,558.51
73,149,570.27
74,150,554.67
74,149,568.6
74,148,569.55
74,147,564.7
74,146,560.91
74,145,569.66
74,144,573.6
74,143,572.96
74,142,577.29
74,141,578.54
74,140,578.52
74,139,572.66
74,138,580.26
74,137,579.4
74,136,584.54
74,135,582.22
74,134,569.48
74,133,571.75
74,132,571.3
74,131,559.25
74,130,572.72
74,129,559.81
74,128,580.71
74,127,562.51
74,126,583.73
74,119,570.34
74,118,538.9
74,117,508.51
74,116,479.62
74,115,450.72
74,114,431.11
74,113,410.35
74,112,391.21
74,111,374.12
74,110,339.81
74,109,327.89
74,108,319.79
74,107,314.67
74,106,309.78
74,105,305.33
74,91,575.29
74,90,576.65
74,89,576.46
74,88,576.23
74,87,573.47
74,86,572.78
74,85,572.76
74,84,573.01
74,83,573.41
74,82,572.56
74,81,569.17
74,80,548.97
74,79,304.11
75,80,391.3
75,81,404.59
75,82,378.1
75,83,357.7
75,84,341.58
75,85,329.01
75,86,319.82
75,87,312.59
75,88,306.87
75,89,314.97
75,106,592.52
75,107,577.78
75,108,565.37
75,109,557.28
75,110,559.82
75,111,562.08
75,112,572.39
75,113,571.36
75,114,568.19
75,115,562.23
75,116,567.8
75,117,557.89
75,118,565.94
75,119,559.95
75,120,564.95
75,121,562.67
75,122,558.41
75,123,567.0
75,124,566.22
75,125,567.1
75,126,565.65
75,127,558.74
75,128,564.06
75,129,569.2
75,130,563.26
75,131,563.99
75,132,561.91
75,133,560.44
75,134,559.47
75,135,553.71
75,136,554.08
75,137,562.37
75,138,562.84
75,139,552.63
75,140,558.89
75,141,562.44
75,142,553.03
75,143,559.93
75,144,558.53
75,145,570.75
75,146,553.35
75,147,552.88
75,148,546.99
75,149,543.85
76,150,533.92
76,149,528.4
76,148,538.3
76,147,543.82
76,146,548.61
76,145,551.4
76,144,550.24
76,143,559.81
76,142,565.56
76,141,564.24
76,140,557.5
76,139,554.19
76,138,564.4
76,137,563.37
76,136,563.17
76,135,560.35
76,134,560.63
76,133,559.49
76,132,565.14
76,131,566.55
76,130,564.71
76,129,559.04
76,128,562.38
76,127,564.05
76,125,533.94
76,124,505.72
76,123,478.2
76,122,454.16
76,121,431.17
76,120,410.69
76,119,392.05
76,118,374.53
76,117,360.59
76,116,348.48
76,115,338.15
76,114,329.94
76,113,323.69
76,112,318.65
76,111,314.08
76,100,582.78
76,99,583.17
76,98,583.17
76,97,582.71
76,96,583.02
76,95,583.12
76,94,581.99
76,93,579.85
76,92,579.54
76,91,579.77
76,90,579.52
76,89,579.57
76,88,577.21
76,87,576.04
76,86,576.04
76,85,576.35
76,84,575.14
76,83,573.25
76,82,572.81
76,81,567.3
76,80,555.08
76,79,479.25
77,80,445.02
77,81,494.87
77,82,456.62
77,83,425.1
77,84,399.11
77,85,377.29
77,86,359.24
77,87,337.15
77,88,332.7
77,89,336.76
77,90,331.74
77,110,408.71
77,111,563.19
77,112,564.24
77,113,557.79
77,114,563.42
77,115,556.07
77,116,561.57
77,117,561.96
77,118,568.65
77,119,558.08
77,120,557.39
77,121,561.0
77,122,559.66
77,123,561.31
77,124,561.52
77,125,559.06
77,126,555.12
77,127,565.13
77,128,571.68
77,129,560.04
77,130,561.57
77,131,566.45
77,132,558.2
77,133,562.93
77,134,567.39
77,135,571.89
77,136,566.92
77,137,568.38
77,138,566.52
77,139,572.13
77,140,574.16
77,141,568.21
77,142,558.39
77,143,557.41
77,144,561.59
77,145,555.21
77,146,558.09
77,147,548.82
77,148,544.08
77,149,579.28
78,150,573.92
78,149,576.43
78,148,562.8
78,147,550.14
78,146,554.89
78,145,571.92
78,144,564.65
78,143,565.29
78,142,565.36
78,141,586.69
78,140,573.42
78,139,575.57
78,138,574.98
78,137,578.38
78,136,580.69
78,135,558.22
78,134,557.33
78,133,557.14
78,132,566.03
78,131,562.62
78,130,562.07
78,129,563.03
78,128,562.07
78,127,559.96
78,118,581.75
78,117,550.84
78,116,520.33
78,115,492.69
78,114,466.21
78,113,441.94
78,112,419.54
78,111,399.39
78,110,359.83
78,109,344.61
78,108,333.25
78,105,587.95
78,104,587.33
78,103,587.41
78,102,586.97
78,101,587.1
78,100,584.23
78,99,584.06
78,98,582.89
78,97,582.76
78,96,583.34
78,95,582.81
78,94,582.8
78,93,579.38
78,92,579.59
78,91,580.15
78,90,579.14
78,89,579.59
78,88,579.43
78,87,576.44
78,86,576.37
78,85,576.17
78,84,575.95
78,83,576.51
78,82,572.68
78,81,569.73
78,80,563.38
78,79,445.12
79,80,509.63
79,81,562.85
79,82,536.16
79,83,498.43
79,84,465.49
79,85,436.15
79,86,402.14
79,87,377.65
79,88,358.82
79,89,343.38
79,90,350.55
79,91,344.08
79,103,593.39
79,104,595.13
79,105,596.42
79,106,559.31
79,107,568.03
79,108,561.59
79,109,565.93
79,110,561.66
79,111,563.0
79,112,555.07
79,113,565.15
79,114,557.42
79,115,558.94
79,116,555.09
79,117,566.3
79,118,560.76
79,119,558.96
79,120,568.67
79,121,559.03
79,122,556.23
79,123,558.95
79,124,566.66
79,125,553.19
79,126,557.58
79,127,565.09
79,128,563.62
79,129,554.28
79,130,563.23
79,131,558.95
79,132,565.2
79,133,560.73
79,134,576.12
79,135,598.69
79,137,594.97
79,138,586.02
79,139,576.14
79,140,562.28
79,141,569.46
79,142,566.42
79,143,558.18
79,144,561.02
79,145,553.57
79,146,555.45
79,147,546.39
79,148,546.2
79,149,563.21
80,150,567.6
80,149,567.67
80,148,550.8
80,147,548.17
80,146,549.09
80,145,545.8
80,144,550.73
80,143,554.56
80,142,559.84
80,141,555.66
80,140,556.84
80,139,557.73
80,138,551.84
80,137,561.4
80,136,563.56
80,135,553.59
80,134,559.52
80,133,561.59
80,132,561.51
80,131,568.79
80,130,555.52
80,129,566.57
80,128,567.11
80,127,555.59
80,118,578.45
80,117,544.21
80,116,514.44
80,115,488.85
80,114,462.46
80,113,438.98
80,112,416.35
80,111,396.34
80,110,356.46
80,109,341.44
80,108,330.48
80,107,322.05
80,100,583.16
80,99,583.25
80,98,582.91
80,97,582.46
80,96,583.12
80,95,582.84
80,94,583.18
80,93,582.02
80,92,580.49
80,91,579.32
80,90,579.5
80,89,579.51
80,88,579.62
80,87,578.27
80,86,576.12
80,85,576.25
80,84,576.07
80,83,576.2
80,82,575.19
80,81,572.87
80,80,563.34
80,79,505.61
81,80,523.63
81,81,566.62
81,82,567.51
81,83,527.94
81,84,491.26
81,85,459.09
81,86,430.45
81,87,403.73
81,88,374.68
81,89,355.16
81,90,360.63
81,91,349.78
81,104,562.33
81,105,548.74
81,106,557.84
81,107,560.66
81,108,560.72
81,109,557.61
81,110,561.42
81,111,563.9
81,112,564.57
81,113,557.39
81,114,562.0
81,115,567.74
81,116,559.44
81,117,560.53
81,118,568.52
81,119,564.72
81,120,559.1
81,121,553.4
81,122,559.57
81,123,557.68
81,124,563.87
81,125,555.92
81,126,558.28
81,127,563.97
81,128,564.9
81,129,555.07
81,130,558.35
81,131,556.53
81,132,557.6
81,133,551.55
81,134,562.34
81,135,556.4
81,136,556.02
81,137,556.48
81,138,552.39
81,139,557.49
81,140,556.33
81,141,552.84
81,142,583.71
81,143,582.93
81,144,583.08
81,145,576.35
81,146,579.34
81,147,580.26
81,148,574.66
81,149,575.52
82,150,578.79
82,149,578.74
82,148,576.22
82,147,580.0
82,146,588.29
82,145,584.57
82,144,562.32
82,143,574.34
82,142,570.12
82,141,566.97
82,140,557.75
82,139,560.65
82,138,561.17
82,137,553.59
82,136,554.13
82,135,561.37
82,134,559.73
82,133,556.45
82,132,556.14
82,131,533.5
82,130,551.19
82,129,550.03
82,128,552.62
82,127,557.82
82,126,378.64
82,117,579.24
82,116,547.71
82,115,520.28
82,114,492.25
82,113,465.68
82,112,441.38
82,111,418.75
82,110,375.97
82,109,357.55
82,103,583.31
82,102,587.28
82,101,585.96
82,100,586.9
82,99,584.24
82,98,582.98
82,97,582.65
82,96,582.72
82,95,583.24
82,94,582.92
82,93,582.95
82,92,583.02
82,91,582.05
82,90,579.42
82,89,579.76
82,88,579.43
82,87,579.22
82,86,578.16
82,85,576.39
82,84,576.15
82,83,576.2
82,82,575.9
82,81,573.19
82,80,565.89
82,79,523.33
83,80,533.05
83,81,492.01
83,82,456.44
83,83,426.46
83,84,400.8
83,85,378.94
83,86,360.46
83,87,345.12
83,88,333.05
83,89,323.98
83,107,557.12
83,108,551.8
83,109,556.9
83,110,565.93
83,111,560.07
83,112,562.42
84,150,579.93
84,114,579.56
84,113,548.71
84,112,519.61
84,111,490.9
84,110,441.63
84,109,416.01
84,105,582.16
84,104,587.41
84,103,586.93
84,102,586.91
84,101,587.44
84,100,587.37
84,99,587.09
84,98,584.14
84,97,582.63
84,96,582.7
84,95,582.7
84,94,582.83
84,93,582.65
84,92,582.64
84,91,582.9
84,90,579.37
84,89,579.5
84,88,579.24
84,87,579.1
84,86,577.32
84,85,576.04
84,84,576.78
84,83,575.68
84,82,576.33
84,81,572.57
84,80,566.31
84,79,530.02
85,80,530.34
85,81,566.55
85,82,526.77
85,83,489.47
85,84,457.05
85,85,428.9
85,86,404.79
85,87,383.53
85,88,365.49
85,89,349.62
85,90,581.22
85,91,560.71
86,121,546.87
86,120,534.2
86,119,511.66
86,118,487.92
86,117,463.02
86,116,440.85
86,115,419.19
86,114,399.75
86,113,382.2
86,112,367.37
86,111,354.95
86,110,345.01
86,109,314.9
86,108,307.42
86,102,583.09
86,101,583.03
86,100,583.07
86,99,583.35
86,98,583.08
86,97,583.26
86,96,582.96
86,95,583.02
86,94,582.78
86,93,582.9
86,92,582.92
86,91,582.73
86,90,579.93
86,89,579.74
86,88,579.76
86,87,579.35
86,86,579.48
86,85,576.25
86,84,576.43
86,83,576.54
86,82,576.26
86,81,573.15
86,80,569.58
86,79,536.15
87,79,340.01
87,80,546.13
87,81,570.54
87,82,529.64
87,83,493.33
87,84,460.74
87,85,431.82
87,86,406.93
87,87,385.99
87,88,367.26
87,89,351.45
87,90,338.2
87,138,584.83
87,139,573.8
87,140,563.7
87,141,555.21
87,142,551.66
87,143,555.58
87,144,568.85
87,145,557.44
87,146,543.46
87,147,547.24
87,148,546.65
87,149,536.01
88,150,523.22
88,149,536.62
88,148,548.35
88,147,536.34
88,146,533.46
88,145,549.45
88,144,544.81
88,143,542.63
88,142,555.62
88,141,549.85
88,140,555.85
88,139,568.73
88,138,551.73
88,137,547.76
88,136,557.02
88,135,559.22
88,134,552.31
88,133,556.51
88,132,562.43
88,131,563.8
88,130,558.09
88,129,556.68
88,128,560.12
88,127,559.84
88,126,560.14
88,125,570.01
88,122,553.6
88,103,579.14
88,102,579.86
88,101,582.02
88,100,580.68
88,99,579.57
88,98,579.65
88,97,579.36
88,96,579.29
88,95,579.42
88,94,579.42
88,93,579.34
88,92,579.21
88,91,578.07
88,90,576.07
88,89,575.74
88,88,575.88
88,87,576.05
88,86,572.67
88,85,572.57
88,84,572.92
88,83,572.69
88,82,572.52
88,81,569.38
88,80,567.37
88,79,522.92
88,78,303.96
89,80,536.23
89,81,559.3
89,82,562.6
89,83,562.68
89,84,562.53
89,85,542.07
89,86,506.26
89,87,474.01
89,88,446.13
89,89,418.03
89,90,395.4
89,91,375.85
89,104,314.36
89,105,595.96
89,106,323.94
89,107,584.8
89,108,576.43
89,109,555.04
89,110,559.82
89,111,551.52
89,112,559.7
89,113,549.92
89,114,555.1
89,115,558.63
89,116,596.23
89,117,576.04
89,118,598.41
89,119,594.67
89,120,547.59
89,121,552.92
89,122,554.23
89,123,539.93
89,124,539.43
89,125,560.05
89,126,552.52
89,127,543.76
89,128,553.74
89,129,555.15
89,130,543.72
89,131,553.82
89,132,544.51
89,133,540.99
89,134,551.91
89,135,538.61
89,136,553.99
89,137,541.98
89,138,539.25
89,139,538.97
89,140,544.88
89,141,534.78
89,142,528.44
89,143,541.41
89,144,532.28
89,145,531.86
89,146,524.94
89,147,519.67
89,148,519.87
89,149,529.08
90,150,521.65
90,149,523.9
90,148,509.63
90,147,509.02
90,146,513.36
90,145,513.12
90,144,522.18
90,143,521.09
90,142,520.28
90,141,520.43
90,140,533.66
90,139,521.15
90,138,516.56
90,137,561.5
90,136,565.64
90,135,523.41
90,134,526.83
90,133,564.1
90,132,545.98
90,131,558.26
90,130,531.36
90,129,545.13
90,128,531.24
90,127,529.76
90,126,526.96
90,125,538.64
90,105,559.97
90,104,559.66
90,103,559.95
90,102,560.23
90,101,559.81
90,100,560.08
90,99,559.51
90,98,560.06
90,97,560.13
90,96,560.01
90,95,559.55
90,94,559.6
90,93,559.27
90,92,559.57
90,91,559.68
90,90,559.56
90,89,559.73
90,88,559.45
90,87,557.4
90,86,556.9
90,85,556.09
90,84,556.01
90,83,556.52
90,82,559.77
90,81,556.26
90,80,555.07
90,79,530.29
90,78,311.59
91,80,524.67
91,81,559.17
91,82,559.61
91,83,559.31
91,84,556.69
91,85,520.13
91,86,486.29
91,87,455.42
91,88,428.78
91,89,405.23
91,90,384.99
91,91,367.02
91,92,351.98
91,93,340.11
91,112,514.99
91,113,517.75
91,114,518.28
91,115,514.34
91,116,519.56
91,117,539.48
91,118,513.95
91,119,519.84
91,120,524.78
91,121,513.28
91,122,516.25
91,123,522.72
91,124,516.21
91,125,523.04
91,126,512.78
91,127,519.01
91,128,523.1
91,129,525.83
91,130,525.36
91,131,524.43
91,132,520.92
91,133,526.59
91,134,521.76
91,135,526.97
91,136,523.71
91,137,564.46
91,138,531.06
91,139,532.05
91,140,531.02
91,141,532.0
91,142,534.38
91,143,534.85
91,144,547.23
91,145,534.05
91,146,528.49
91,147,516.63
91,148,537.65
91,149,519.7
92,150,521.28
92,149,526.98
92,148,527.26
92,147,528.55
92,146,584.25
92,145,555.62
92,144,568.43
92,143,555.89
92,142,556.67
92,141,548.36
92,140,550.2
92,139,563.74
92,138,549.75
92,137,548.23
92,136,557.3
92,135,551.15
92,134,555.41
92,133,557.07
92,132,545.93
92,131,542.38
92,130,552.89
92,129,553.1
92,128,550.73
92,127,552.07
92,126,541.92
92,111,582.43
92,110,550.35
92,109,520.68
92,108,573.38
92,107,572.75
92,106,561.84
92,105,583.55
92,104,582.93
92,103,583.48
92,102,583.53
92,101,585.17
92,100,583.52
92,99,587.34
92,98,587.24
92,97,586.83
92,96,584.43
92,95,587.34
92,94,586.11
92,93,583.33
92,92,583.2
92,91,583.02
92,90,583.11
92,89,583.07
92,88,583.15
92,87,581.7
92,86,579.31
92,85,579.74
92,84,580.01
92,83,576.45
92,82,577.65
92,81,575.97
92,80,569.4
92,79,536.33
92,78,300.93
93,80,530.09
93,81,576.24
93,82,579.4
93,83,559.38
93,84,522.17
93,85,487.69
93,86,457.13
93,87,429.54
93,88,405.05
93,89,385.98
93,90,366.94
93,91,352.12
93,92,340.2
93,93,329.81
93,110,552.59
93,111,547.87
93,112,544.25
93,113,549.74
93,114,546.54
93,115,549.19
93,116,543.09
93,117,575.64
93,124,543.76
93,125,548.75
93,126,545.68
93,127,549.28
93,128,539.44
93,138,598.72
93,140,595.67
93,141,598.49
93,142,596.53
93,143,595.57
93,144,590.36
93,145,591.68
93,146,588.98
93,147,584.84
93,148,580.87
93,149,576.39
94,150,579.39
94,149,577.79
94,148,580.94
94,147,580.11
94,146,585.86
94,145,587.76
94,144,592.4
94,143,591.18
94,142,591.24
94,141,597.91
94,140,598.61
94,139,599.21
94,137,599.19
94,134,546.53
94,133,550.04
94,132,562.86
94,131,553.78
94,130,549.07
94,129,544.74
94,128,554.98
94,127,545.0
94,126,541.18
94,125,547.95
94,124,538.04
94,123,525.97
94,122,521.54
94,121,520.4
94,120,522.52
94,119,492.73
94,116,586.6
94,115,553.44
94,114,522.47
94,113,492.94
94,112,465.24
94,111,440.88
94,110,418.74
94,109,398.24
94,108,587.07
94,107,589.3
94,106,588.4
94,105,588.13
94,104,588.14
94,103,591.7
94,102,587.95
94,101,588.52
94,100,588.18
94,99,589.69
94,98,587.48
94,97,588.1
94,96,587.29
94,95,587.09
94,94,587.74
94,93,587.5
94,92,587.31
94,91,587.3
94,90,587.31
94,89,585.94
94,88,583.25
94,87,582.94
94,86,583.5
94,85,583.14
94,84,582.94
94,83,580.6
94,82,579.49
94,81,579.76
94,80,572.94
94,79,509.1
95,80,526.88
95,81,573.0
95,82,557.83
95,83,519.78
95,84,484.54
95,85,453.93
95,86,426.88
95,87,403.44
95,88,382.15
95,89,364.67
95,90,349.91
95,91,338.43
95,92,329.42
95,93,322.05
95,102,550.65
95,103,551.32
95,104,550.72
95,105,551.79
95,106,551.03
95,107,555.57
95,108,549.86
95,109,545.06
95,110,551.31
95,111,551.19
95,112,548.47
95,113,562.01
95,114,554.42
95,115,546.7
95,116,545.74
95,117,543.75
95,118,547.06
95,119,550.84
95,120,552.36
95,121,555.69
95,122,550.95
95,123,555.89
95,124,563.88
95,125,550.32
95,126,553.17
95,127,546.26
95,128,547.79
95,129,550.07
95,130,549.87
95,131,551.41
95,132,553.76
95,133,547.77
95,134,554.04
95,135,550.34
95,136,550.66
95,137,546.69
95,138,548.21
95,139,558.32
95,140,547.94
95,141,558.7
95,142,557.28
95,143,560.57
95,144,546.02
95,145,562.11
95,146,556.47
95,147,535.81
95,148,530.22
95,149,526.33
96,150,526.06
96,149,533.31
96,148,525.48
96,147,533.33
96,146,537.2
96,145,548.68
96,144,547.49
96,143,549.35
96,142,557.91
96,141,547.56
96,140,548.97
96,139,556.81
96,138,556.14
96,137,557.47
96,136,554.84
96,135,547.7
96,134,545.65
96,133,560.3
96,132,553.51
96,131,558.81
96,130,553.92
96,129,556.72
96,128,554.28
96,127,558.33
96,126,548.74
96,125,537.57
96,124,549.49
96,123,547.86
96,122,545.68
96,121,546.62
96,120,524.55
96,109,576.2
96,107,587.96
96,106,585.71
96,105,588.98
96,104,592.01
96,103,588.85
96,102,588.47
96,101,590.4
96,100,589.67
96,99,590.4
96,98,587.4
96,97,587.32
96,96,588.04
96,95,587.36
96,94,587.34
96,93,587.62
96,92,587.23
96,91,586.97
96,90,587.37
96,89,587.37
96,88,583.43
96,87,583.0
96,86,583.04
96,85,583.06
96,84,582.71
96,83,579.61
96,82,580.0
96,81,579.55
96,80,572.82
96,79,502.79
97,80,549.61
97,81,575.94
97,82,579.66
97,83,556.51
97,84,519.18
97,85,484.59
97,86,454.11
97,87,427.68
97,88,403.93
97,89,383.22
97,90,365.49
97,91,351.38
97,92,340.3
97,93,330.69
97,103,551.27
97,104,552.23
97,105,548.59
97,106,552.71
97,107,550.33
97,108,556.37
97,109,548.44
97,110,558.43
97,111,548.71
97,113,587.56
97,114,580.24
97,115,570.45
97,116,565.17
97,117,564.78
97,118,571.2
97,119,565.73
97,120,563.97
97,121,561.47
97,122,550.3
97,123,564.28
97,124,551.83
97,125,554.32
97,126,550.84
97,127,566.71
97,128,558.58
97,129,556.46
97,130,548.69
97,131,552.51
97,132,551.87
97,133,566.66
97,134,563.91
97,135,555.51
97,136,551.59
97,137,558.87
97,138,561.58
97,139,555.72
97,140,561.67
97,141,556.25
97,142,560.34
97,143,558.01
97,144,556.62
97,145,562.28
97,146,555.97
97,147,543.77
97,148,540.08
97,149,535.73
98,150,528.31
98,149,532.57
98,148,533.74
98,147,537.85
98,146,537.56
98,145,559.81
98,144,552.07
98,143,550.33
98,142,559.06
98,141,556.48
98,140,560.2
98,139,556.88
98,138,552.45
98,137,550.96
98,136,560.47
98,135,550.11
98,134,558.61
98,133,551.03
98,132,553.48
98,131,560.96
98,130,554.11
98,129,558.96
98,128,558.25
98,127,555.14
98,126,561.61
98,125,458.68
98,119,445.7
98,109,577.31
98,108,546.06
98,107,516.18
98,106,590.23
98,105,591.27
98,104,591.86
98,103,591.25
98,102,589.91
98,101,590.42
98,100,590.5
98,99,590.47
98,98,590.22
98,97,587.91
98,96,587.41
98,95,587.22
98,94,587.34
98,93,586.72
98,92,587.13
98,91,586.93
98,90,587.05
98,89,586.91
98,88,582.73
98,87,583.03
98,86,582.86
98,85,583.56
98,84,581.18
98,83,579.29
98,82,579.73
98,81,577.23
98,80,569.75
98,79,437.29
99,93,588.18
99,103,560.45
99,104,553.93
99,105,561.13
99,106,560.77
99,107,562.28
99,108,561.67
99,109,560.89
99,110,560.91
99,111,549.98
99,112,551.61
99,113,554.2
99,114,554.53
99,115,546.76
99,116,552.8
99,117,561.61
99,118,557.74
99,119,553.82
99,120,552.55
99,121,549.85
99,122,552.47
99,123,549.02
99,124,555.13
99,125,548.89
99,126,553.88
99,127,554.28
99,128,551.69
99,129,552.76
99,130,559.22
99,131,553.84
99,132,560.28
99,133,553.66
99,134,553.04
99,135,553.03
99,136,562.43
99,137,553.96
99,138,561.05
99,139,563.32
99,140,551.41
99,141,558.15
99,142,559.14
99,143,552.22
99,144,558.94
99,145,560.68
99,146,555.21
99,147,538.63
99,148,528.66
99,149,518.28
100,150,516.42
100,149,515.01
100,148,531.97
100,147,531.23
100,146,534.23
100,145,545.79
100,144,556.1
100,143,549.81
100,142,557.04
100,141,552.39
100,140,555.29
100,139,558.79
100,138,555.78
100,137,551.45
100,136,553.28
100,135,548.09
100,134,565.65
100,133,562.89
100,132,553.97
100,131,555.74
100,130,559.67
100,129,553.45
100,128,559.29
100,127,564.95
100,126,553.17
100,125,541.94
100,124,534.65
100,123,539.26
100,122,536.67
100,121,543.03
100,120,509.59
100,119,588.86
100,113,570.48
100,112,539.14
100,111,508.98
100,110,481.01
100,109,454.67
100,108,431.03
100,107,409.69
100,106,546.02
100,105,580.64
100,104,576.36
100,103,594.87
100,102,592.26
100,101,590.79
100,100,590.4
100,99,590.52
100,98,590.83
100,97,590.51
100,96,588.92
100,95,587.41
100,94,587.98
100,93,587.45
100,92,587.19
100,91,587.26
100,90,587.08
100,89,584.57
100,88,583.04
100,87,582.91
100,86,583.21
100,85,583.1
100,84,580.73
100,83,579.71
100,82,579.59
100,81,576.67
100,80,569.35
100,79,456.19
101,92,587.92
101,93,587.73
101,94,593.98
101,102,559.04
101,103,562.08
101,104,562.71
101,105,559.82
101,106,550.74
101,107,556.12
101,108,559.88
101,109,551.1
101,110,553.27
101,111,549.2
101,112,550.81
101,113,545.03
101,114,551.39
101,115,548.91
101,116,555.36
101,117,557.11
101,118,547.66
101,119,547.76
101,120,555.93
101,121,555.04
101,122,559.29
101,123,560.99
101,124,552.33
101,125,554.63
101,126,547.86
101,127,552.42
101,128,551.82
101,129,558.38
101,130,549.16
101,131,550.02
101,132,551.95
101,133,552.99
101,134,555.23
101,135,552.8
101,136,553.59
101,137,556.74
101,138,551.19
101,139,564.75
101,140,558.7
101,141,561.4
101,142,553.56
101,143,547.17
101,144,557.17
101,145,557.76
101,146,541.74
101,147,533.87
101,148,533.16
101,149,515.28
102,150,518.23
102,149,514.73
102,148,523.22
102,147,529.86
102,146,533.55
102,145,545.31
102,144,552.37
102,143,553.64
102,142,555.1
102,141,555.71
102,140,553.63
102,139,555.72
102,138,551.96
102,137,549.9
102,136,554.47
102,135,553.56
102,134,547.05
102,133,554.71
102,132,563.0
102,131,559.05
102,130,545.54
102,129,556.54
102,128,552.68
102,127,560.7
102,126,557.97
102,125,507.48
102,123,591.9
102,122,494.14
102,121,512.95
102,120,509.85
102,109,592.15
102,108,559.7
102,107,530.35
102,106,500.56
102,104,591.91
102,103,590.18
102,102,589.35
102,101,589.96
102,100,588.67
102,99,588.62
102,98,587.66
102,97,587.84
102,96,587.66
102,95,587.51
102,94,587.39
102,93,587.58
102,92,586.99
102,91,587.31
102,90,583.02
102,89,583.22
102,88,583.04
102,87,583.31
102,86,580.77
102,85,581.42
102,84,579.38
102,83,579.43
102,82,579.6
102,81,576.13
102,80,566.46
102,79,481.86
103,80,442.71
103,81,442.21
103,82,413.35
103,83,388.65
103,84,368.95
103,85,352.91
103,86,339.73
103,87,329.32
103,88,321.34
103,89,315.0
103,90,310.84
103,91,583.33
103,92,584.02
103,93,590.85
103,103,551.78
103,104,556.68
103,105,551.13
103,106,556.27
103,107,549.26
103,108,551.38
103,109,556.92
103,110,554.54
103,111,550.89
103,112,550.12
103,113,550.14
103,114,551.6
103,115,554.23
103,116,550.76
103,117,554.9
103,118,552.21
103,119,560.15
103,120,552.66
103,121,555.63
103,122,559.96
103,123,553.29
103,124,549.71
103,125,557.12
103,126,557.0
103,127,556.76
103,128,554.36
103,129,554.25
103,136,598.49
103,137,596.81
103,138,597.59
103,139,597.66
103,140,595.19
103,141,597.83
103,142,594.32
103,143,592.28
103,144,589.55
103,145,592.11
103,146,587.19
103,147,583.2
103,148,581.74
103,149,573.75
104,150,573.49
104,149,578.66
104,148,573.62
104,147,578.07
104,146,582.03
104,145,585.29
104,144,587.37
104,143,589.39
104,142,590.66
104,141,591.59
104,140,594.53
104,139,599.15
104,138,598.33
104,137,599.77
104,136,594.7
104,133,567.98
104,132,551.7
104,131,556.91
104,130,560.53
104,129,560.75
104,128,554.64
104,127,556.29
104,126,550.45
104,125,556.68
104,122,525.61
104,121,524.52
104,120,529.65
104,119,531.7
104,118,524.85
104,117,527.69
104,116,507.37
104,115,478.98
104,114,451.85
104,113,427.43
104,112,407.96
104,111,390.39
104,110,373.45
104,109,359.27
104,108,347.74
104,107,338.62
104,106,330.04
104,105,322.96
104,102,551.42
104,101,560.03
104,100,587.98
104,99,587.2
104,98,587.61
104,97,587.21
104,96,587.45
104,95,587.26
104,94,587.23
104,93,584.86
104,92,584.35
104,91,583.17
104,90,583.15
104,89,583.04
104,88,583.08
104,87,581.47
104,86,579.64
104,85,579.61
104,84,579.89
104,83,579.49
104,82,576.23
104,81,572.84
104,80,558.7
104,79,377.48
105,80,392.69
105,81,448.56
105,82,417.18
105,83,392.2
105,84,371.41
105,85,355.11
105,86,341.89
105,87,331.56
105,88,323.4
105,89,316.47
105,90,311.88
105,91,308.63
105,92,589.1
105,93,592.65
105,105,324.26
105,106,558.34
105,107,556.63
105,108,559.33
105,109,557.44
105,110,562.22
105,111,561.35
105,112,565.78
105,113,559.67
105,114,553.43
105,115,563.26
105,116,553.82
105,117,557.29
105,118,557.79
105,119,555.89
105,120,556.46
105,121,558.64
105,122,563.6
105,123,561.14
105,124,562.96
105,125,562.9
105,126,552.71
105,127,568.89
105,128,558.38
105,129,563.35
105,130,557.14
105,131,568.92
105,132,565.4
105,133,562.17
105,134,563.4
105,135,555.73
105,136,556.73
105,139,590.41
105,140,591.31
105,141,582.45
105,142,598.45
105,143,584.05
105,144,582.57
105,145,591.56
105,146,586.8
105,147,588.96
105,148,580.13
105,149,577.76
106,150,558.47
106,149,549.62
106,148,550.61
106,147,558.07
106,146,563.83
106,145,579.85
106,144,582.66
106,143,583.32
106,142,586.57
106,141,573.04
106,140,583.83
106,139,576.78
106,138,585.92
106,137,557.33
106,136,562.59
106,135,559.37
106,134,562.76
106,133,559.6
106,132,557.69
106,131,555.79
106,130,557.45
106,129,555.37
106,128,561.97
106,127,563.06
106,126,552.2
106,125,559.51
106,124,533.46
106,123,532.76
106,122,527.69
106,121,535.01
106,120,534.36
106,119,554.59
106,118,552.99
106,117,554.57
106,108,575.98
106,107,544.36
106,106,514.38
106,105,485.14
106,104,458.79
106,103,434.57
106,102,414.95
106,100,560.87
106,99,589.54
106,98,582.75
106,97,588.4
106,96,586.14
106,95,583.94
106,94,584.08
106,93,583.27
106,92,583.94
106,91,583.43
106,90,583.56
106,89,583.6
106,88,581.39
106,87,580.45
106,86,580.16
106,85,580.69
106,84,579.78
106,83,576.95
106,82,576.77
106,81,570.57
106,80,547.23
107,90,583.5
107,91,584.16
107,92,583.88
107,93,585.66
107,103,562.49
107,104,554.41
107,105,554.96
107,106,559.01
107,107,563.25
107,108,564.3
107,109,566.28
107,110,559.82
107,111,554.91
107,112,556.03
107,113,564.19
107,114,564.1
107,115,563.08
107,116,555.42
107,117,561.9
107,118,557.55
107,119,561.98
107,120,562.23
107,121,559.31
107,122,557.78
107,123,561.57
107,124,563.14
107,125,555.92
107,126,562.05
107,127,565.93
107,128,564.87
107,129,561.77
107,130,594.63
107,131,555.42
107,132,557.54
107,133,559.09
107,134,565.2
107,135,562.68
107,136,561.07
107,137,566.12
107,138,554.5
107,139,561.05
107,140,560.36
107,141,559.08
107,142,564.17
107,143,556.45
107,144,555.23
107,145,555.66
107,146,550.99
107,147,533.55
107,148,531.44
107,149,526.38
108,150,519.29
108,149,524.26
108,148,529.08
108,147,531.58
108,146,540.56
108,145,543.84
108,144,550.2
108,143,566.74
108,142,548.93
108,141,556.82
108,140,558.18
108,139,556.19
108,138,556.5
108,137,560.09
108,136,562.29
108,135,558.37
108,134,565.55
108,133,560.9
108,132,563.34
108,131,560.46
108,130,557.18
108,129,561.86
108,128,566.11
108,127,562.67
108,126,566.01
108,125,556.1
108,124,557.63
108,123,533.31
108,122,538.69
108,121,542.39
108,120,535.05
108,119,555.67
108,118,558.01
108,117,553.27
108,116,560.01
108,107,579.67
108,106,548.66
108,105,519.74
108,104,491.03
108,103,464.37
108,102,440.13
108,98,589.43
108,97,587.41
108,96,590.64
108,95,586.54
108,94,584.68
108,93,584.52
108,92,584.35
108,91,584.37
108,90,583.99
108,89,582.73
108,88,580.61
108,87,580.95
108,86,581.4
108,85,578.54
108,84,577.56
108,83,577.03
108,82,574.0
108,81,567.33
108,80,544.82
109,87,579.54
109,88,580.44
109,89,579.99
109,90,582.75
109,91,583.82
109,92,584.32
109,93,584.89
109,94,583.27
109,103,561.01
109,104,561.2
109,105,559.39
109,106,554.19
109,107,559.88
109,108,564.53
109,109,553.69
109,110,563.65
109,111,558.26
109,133,595.16
109,136,597.07
109,138,599.13
109,139,594.73
109,140,594.18
109,141,592.83
109,142,589.52
109,143,590.81
109,144,588.95
109,145,586.21
109,146,579.49
109,147,577.58
109,148,572.85
109,149,572.77
110,150,578.36
110,149,575.36
110,148,574.25
110,147,577.08
110,146,574.74
110,145,580.99
110,144,582.63
110,143,589.06
110,142,588.9
110,141,591.33
110,140,594.92
110,139,597.0
110,138,595.14
110,137,596.64
110,134,599.08
110,132,597.41
110,131,599.01
110,130,599.57
110,125,563.6
110,124,558.03
110,123,566.14
110,122,544.66
110,121,541.96
110,120,537.26
110,119,533.34
110,118,561.66
110,117,559.32
110,116,551.54
110,115,555.34
110,104,581.4
110,103,550.03
110,102,521.07
110,101,492.96
110,98,546.21
110,97,546.65
110,96,545.21
110,95,552.95
110,94,562.52
110,93,568.15
110,92,590.86
110,91,591.23
110,90,587.41
110,89,584.06
110,88,583.41
110,87,582.97
110,86,580.77
110,85,580.0
110,84,578.7
110,83,577.49
110,82,575.59
110,81,561.22
110,80,511.11
111,86,547.02
111,87,579.34
111,88,583.16
111,89,583.14
111,90,582.89
111,91,583.35
111,92,595.97
111,93,574.84
111,94,562.4
111,103,563.85
111,104,556.13
111,105,561.39
111,106,558.19
111,107,556.73
111,108,556.16
111,109,557.64
111,110,560.62
111,111,554.77
111,112,562.62
111,113,561.81
111,114,553.05
111,115,560.64
111,116,561.1
111,117,557.31
111,118,554.59
111,119,564.92
111,120,562.73
111,121,564.22
111,122,560.54
111,123,557.56
111,124,558.64
111,125,558.9
111,126,560.98
111,127,555.4
111,128,554.86
111,129,557.09
111,130,559.65
111,131,556.15
111,132,554.23
111,133,559.53
111,134,564.09
111,135,558.91
111,136,559.16
111,137,561.38
111,138,553.61
111,139,553.92
111,140,560.46
111,141,563.88
111,142,555.53
111,143,553.08
111,144,558.81
111,145,546.22
111,146,542.16
111,147,530.66
111,148,518.87
111,149,529.39
112,150,522.72
112,149,517.37
112,148,518.08
112,147,524.2
112,146,532.58
112,145,530.16
112,144,533.57
112,143,555.71
112,142,548.95
112,141,545.05
112,140,550.77
112,139,552.01
112,138,557.8
112,137,546.87
112,136,553.28
112,135,558.84
112,134,550.33
112,133,558.73
112,132,559.14
112,131,558.16
112,130,558.52
112,129,556.44
112,128,558.19
112,127,561.54
112,126,554.18
112,125,564.27
112,124,553.93
112,123,568.5
112,122,554.68
112,121,540.85
112,120,549.48
112,119,555.59
112,118,557.53
112,117,559.85
112,103,584.22
112,102,552.67
112,101,523.17
112,100,518.33
112,96,544.7
112,95,546.58
112,94,550.62
112,93,548.57
112,92,549.99
112,91,542.73
112,90,546.56
112,89,552.94
112,88,547.77
112,87,543.76
112,86,547.63
112,85,539.17
112,84,539.03
112,83,519.74
112,82,490.45
112,81,417.43
112,80,319.36
113,85,540.8
113,86,543.1
113,87,535.46
113,88,542.84
113,89,519.97
113,90,513.51
113,91,507.24
113,92,512.75
113,114,516.6
113,115,524.28
113,116,518.88
113,117,590.91
113,118,589.45
113,119,583.77
113,120,586.12
113,121,583.79
113,122,586.4
113,123,585.62
113,124,585.56
113,125,584.04
113,126,584.6
113,127,582.96
113,128,581.87
113,129,581.88
113,130,586.63
113,131,507.1
113,132,511.91
113,133,500.82
113,134,494.54
113,135,513.15
113,136,498.59
113,137,504.2
113,138,507.34
113,139,505.4
113,140,498.96
113,141,498.57
113,142,493.3
113,143,494.32
113,144,492.67
113,145,487.47
113,146,503.16
113,147,514.18
113,148,516.72
113,149,510.48
114,150,518.14
114,149,514.34
114,148,506.47
114,147,510.62
114,146,509.32
114,145,511.76
114,144,499.53
114,143,491.78
114,142,504.67
114,141,493.79
114,140,505.21
114,139,503.36
114,138,516.85
114,137,513.74
114,136,508.39
114,135,519.1
114,134,510.02
114,133,508.72
114,132,513.91
114,131,515.1
114,130,508.82
114,129,514.28
114,128,508.73
114,127,512.18
114,126,513.63
114,125,509.35
114,124,519.65
114,123,518.63
114,122,482.38
114,121,487.1
114,120,482.45
114,119,350.64
114,118,583.65
114,117,562.95
114,116,591.6
114,115,505.75
114,113,512.18
114,112,579.03
114,101,581.54
114,100,549.98
114,99,521.31
114,94,483.05
114,93,481.25
114,92,485.74
114,91,493.27
114,90,491.7
114,89,490.59
114,88,490.2
114,87,494.34
114,86,493.72
114,85,483.62
114,84,473.08
114,83,457.18
114,82,423.3
114,81,359.53
114,80,328.76
115,85,478.16
115,86,491.54
115,87,489.52
115,88,486.62
115,89,484.37
115,90,370.3
115,103,375.69
115,104,369.17
115,105,359.64
115,106,367.3
115,107,378.43
115,108,375.62
115,109,382.35
115,110,368.84
115,111,371.16
115,112,367.99
115,113,377.33
115,114,368.38
115,115,382.36
115,116,372.03
115,117,378.12
115,118,372.7
115,119,378.7
115,120,376.33
115,121,377.89
115,122,362.24
115,123,380.25
115,124,376.69
115,125,367.01
115,126,383.11
115,127,375.67
115,128,361.73
115,129,374.99
115,130,379.07
115,131,369.79
115,132,374.39
115,133,369.79
115,134,373.27
115,135,378.67
115,136,369.63
115,137,369.46
115,138,378.99
115,139,383.49
115,140,411.31
115,141,407.67
115,142,442.81
115,143,455.56
115,144,460.79
115,145,483.69
115,146,499.12
115,147,509.34
115,148,509.13
115,149,519.11
116,150,515.98
116,149,524.81
116,148,512.79
116,147,508.84
116,146,512.17
116,145,502.88
116,144,498.43
116,143,484.63
116,142,466.08
116,141,441.58
116,140,422.04
116,139,378.43
116,138,322.4
116,99,575.02
116,98,543.59
117,139,365.82
117,140,432.47
117,141,460.45
117,142,475.57
117,143,490.41
117,144,496.81
117,145,507.07
117,146,508.46
117,147,515.13
117,148,510.82
117,149,510.21
118,150,517.73
118,149,513.89
118,148,510.22
118,147,510.3
118,146,515.88
118,145,516.24
118,144,507.59
118,143,507.84
118,142,496.18
118,141,488.42
118,140,470.4
118,139,436.22
118,138,374.71
118,98,573.9
118,97,542.8
118,96,513.62
119,139,394.53
119,140,448.32
119,141,471.36
119,142,490.54
119,143,495.83
119,144,500.66
119,145,508.1
119,146,503.82
119,147,507.4
119,148,505.05
119,149,516.09
120,150,514.3
120,149,506.95
120,148,499.98
120,147,506.52
120,146,499.57
120,145,507.73
120,144,504.59
120,143,505.13
120,142,496.9
120,141,487.95
120,140,465.87
120,139,429.21
120,138,314.44
120,97,569.1
120,96,537.38
120,91,324.12
120,90,312.2
120,82,316.74
120,80,302.63
121,84,302.85
121,86,304.01
121,100,314.24
121,139,317.33
121,140,429.39
121,141,463.37
121,142,487.52
121,143,494.16
121,144,506.2
121,145,505.75
121,146,507.58
121,147,508.57
121,148,512.12
121,149,524.49
122,150,522.44
122,149,522.81
122,148,518.01
122,147,513.58
122,146,507.45
122,145,506.6
122,144,504.65
122,143,498.37
122,142,498.92
122,141,486.77
122,140,449.47
122,139,412.72
122,95,592.28
122,94,559.88
123,88,582.87
123,99,577.13
123,140,421.03
123,141,457.51
123,142,483.51
123,143,492.11
123,144,496.07
123,145,514.1
123,146,508.63
123,147,509.35
123,148,512.6
123,149,522.85
124,150,512.4
124,149,521.43
124,148,513.08
124,147,510.03
124,146,511.16
124,145,502.83
124,144,500.22
124,143,490.03
124,142,493.7
124,141,478.5
124,140,447.12
124,139,379.31
124,93,569.66
124,92,537.23
124,91,489.96
125,107,311.15
126,94,587.59
126,93,555.46
126,92,524.92
127,86,409.95
127,112,304.3
128,93,585.97
128,92,553.05
128,91,522.14
128,90,490.25
129,59,315.17
129,60,308.99
129,61,305.23
129,62,302.41
129,63,300.47
129,105,302.78
129,107,305.88
129,136,305.29
129,140,337.95
129,141,380.67
129,142,428.91
129,143,427.28
129,144,444.11
129,145,444.56
129,146,444.77
129,147,444.72
129,148,437.53
129,149,446.3
130,150,452.72
130,149,457.81
130,148,444.86
130,147,444.04
130,146,448.52
130,145,442.38
130,144,441.0
130,143,444.08
130,142,437.39
130,141,413.14
130,140,379.99
130,139,339.59
130,134,300.59
130,126,306.15
130,118,300.46
130,92,586.6
130,91,554.57
130,90,524.48
130,89,495.37
130,88,461.33
130,76,300.71
130,72,300.56
130,69,305.81
130,68,300.47
130,64,302.55
131,57,331.97
131,74,303.47
131,75,302.0
131,76,311.33
131,77,313.51
131,78,314.81
131,79,316.11
131,84,322.21
131,98,301.15
131,100,303.05
131,103,301.68
131,111,302.7
131,114,302.88
131,130,303.01
131,131,300.73
131,132,305.75
131,133,300.3
131,134,300.35
131,135,303.74
131,140,329.42
131,141,371.82
131,142,405.81
131,143,427.76
131,144,449.58
131,145,450.04
131,146,453.88
131,147,448.1
131,148,444.85
131,149,449.53
132,150,446.78
132,149,441.73
132,148,455.96
132,147,442.77
132,146,452.1
132,145,448.07
132,144,444.12
132,143,441.35
132,142,438.74
132,141,410.39
132,140,367.61
132,139,326.64
132,133,305.68
132,131,302.56
132,130,302.93
132,127,301.79
132,125,300.4
132,122,300.2
132,120,305.07
132,119,303.39
132,112,301.79
132,111,305.21
132,110,305.41
132,109,306.39
132,90,574.77
132,89,543.67
132,88,514.39
132,87,485.98
132,83,303.21
132,82,323.87
132,81,325.3
132,80,329.36
132,79,323.17
132,78,311.04
132,77,321.56
132,76,318.63
132,75,315.5
132,74,319.47
132,73,323.53
132,72,317.6
132,71,318.22
132,70,321.26
132,69,322.77
132,68,316.44
132,67,313.33
132,66,315.97
132,65,323.98
132,64,314.48
132,63,306.39
132,62,308.88
132,61,310.69
132,60,307.97
132,59,310.69
132,58,313.28
132,57,316.73
132,56,307.4
132,55,318.11
132,54,314.27
132,53,310.26
132,51,310.16
133,50,309.27
133,53,307.53
133,54,317.2
133,55,306.53
133,56,375.38
133,70,316.18
133,103,346.36
133,104,303.21
133,105,302.96
133,106,304.06
133,107,309.97
133,108,302.78
133,109,307.48
133,110,304.9
133,111,306.41
133,113,300.8
133,114,301.02
133,116,301.77
133,136,300.98
133,139,306.66
133,140,337.36
133,141,373.65
133,142,425.62
133,143,440.06
133,144,444.14
133,145,457.11
133,146,465.76
133,147,460.52
133,148,451.75
133,149,460.13
134,150,462.71
134,149,453.96
134,148,449.17
134,147,450.47
134,146,469.9
134,145,449.69
134,144,463.52
134,143,451.9
134,142,443.18
134,141,419.34
134,140,376.92
134,139,327.58
134,134,300.01
134,130,300.86
134,128,300.13
134,117,300.47
134,111,301.26
134,106,594.49
134,92,570.9
134,91,539.86
134,90,509.41
134,89,480.1
134,88,453.57
134,87,429.99
134,58,323.38
134,57,322.5
135,74,300.03
135,76,303.47
135,81,577.38
135,94,599.09
135,95,306.19
135,97,303.99
135,98,309.52
135,100,306.37
135,101,301.76
135,103,311.88
135,105,303.64
135,108,301.39
135,110,302.67
135,111,301.5
135,112,305.25
135,113,303.85
135,114,301.21
135,116,306.5
135,118,302.84
135,119,303.13
135,122,301.38
135,125,301.6
135,128,304.21
135,131,301.84
135,135,311.39
135,136,303.07
135,138,304.0
135,140,316.37
135,141,383.3
135,142,426.36
135,143,452.12
135,144,459.33
135,145,457.96
135,146,449.62
135,147,447.12
135,148,473.53
135,149,466.15
136,150,459.08
136,149,458.35
136,148,450.9
136,147,457.41
136,146,465.17
136,145,470.4
136,144,456.02
136,143,456.89
136,142,444.19
136,141,420.97
136,140,369.27
136,139,305.93
136,138,305.22
136,134,301.47
136,109,300.85
136,108,301.36
136,106,302.59
136,91,566.47
136,90,535.07
136,89,504.65
136,88,475.86
136,87,449.88
136,83,518.41
136,57,306.86
136,56,307.42
136,55,304.81
136,54,310.05
136,53,301.8
136,52,303.19
137,50,301.92
137,51,304.06
137,52,306.66
137,55,306.1
137,56,302.52
137,72,314.81
137,73,301.77
137,76,322.77
137,82,565.31
137,94,310.43
137,95,302.2
137,96,311.43
137,97,306.0
137,98,317.21
137,99,341.54
137,100,328.47
137,101,307.51
137,103,305.02
137,104,311.43
137,105,307.51
137,106,303.58
137,107,303.46
137,108,301.2
137,111,302.81
137,112,300.56
137,113,301.32
137,114,306.24
137,125,301.68
137,131,300.06
137,132,304.1
137,136,300.03
137,138,302.23
137,139,300.24
137,140,318.43
137,141,366.86
137,142,422.54
137,143,445.36
137,144,445.07
137,145,453.89
137,146,449.73
137,147,454.73
137,148,457.89
137,149,461.64
138,150,464.44
138,149,470.65
138,148,456.81
138,147,465.29
138,146,458.01
138,145,452.1
138,144,456.99
138,143,453.45
138,142,451.97
138,141,418.36
138,140,349.12
138,139,307.9
138,138,300.07
138,136,300.16
138,129,301.83
138,116,300.2
138,112,301.45
138,109,300.88
138,108,300.95
138,106,301.6
138,105,310.87
138,92,588.03
138,91,554.96
138,90,524.0
138,89,494.06
138,88,465.85
138,87,440.61
138,86,418.79
138,74,323.3
138,73,319.47
138,72,316.75
138,69,315.57
138,68,322.16
138,67,315.54
138,66,312.92
138,65,309.0
138,64,317.06
138,63,313.96
138,62,314.93
138,61,317.46
138,60,318.1
138,59,313.71
138,58,319.73
138,57,318.8
138,56,322.07
138,55,324.96
138,54,313.93
138,53,301.34
138,52,302.51
139,50,301.84
139,51,300.69
139,52,301.26
139,54,311.94
139,72,321.01
139,73,319.44
139,74,318.2
139,92,307.71
139,93,310.42
139,94,304.38
139,95,323.07
139,96,324.88
139,97,300.55
139,100,305.3
139,101,302.2
139,102,306.56
139,109,301.47
139,110,301.67
139,111,300.9
139,132,300.56
139,138,300.74
139,140,312.68
139,141,362.91
139,142,416.75
139,143,440.54
139,144,442.76
139,145,456.19
139,146,462.73
139,147,456.31
139,148,458.85
139,149,460.06
140,150,466.8
140,149,458.95
140,148,468.16
140,147,474.66
140,146,467.07
140,145,461.02
140,144,461.33
140,143,463.77
140,142,448.11
140,141,412.39
140,140,358.68
140,139,305.67
140,126,300.03
140,124,303.5
140,105,307.99
140,104,300.08
140,103,308.95
140,92,597.72
140,91,564.11
140,90,531.12
140,89,500.33
140,88,472.53
140,87,446.12
140,86,421.94
140,85,401.06
140,65,317.71
140,61,319.12
140,60,312.93
140,59,312.37
140,58,306.92
140,57,318.68
140,56,312.07
140,55,321.15
140,54,310.68
140,53,317.55
140,52,314.18
140,51,317.0
141,50,310.3
141,51,319.32
141,52,306.8
141,53,314.85
141,54,322.56
141,79,372.46
141,92,309.12
141,93,316.33
141,94,300.5
141,95,309.35
141,96,302.18
141,98,308.59
141,99,304.37
141,101,304.79
141,102,301.53
141,103,307.77
141,104,305.32
141,106,303.05
141,108,305.82
141,109,303.7
141,110,304.71
141,111,301.58
141,112,301.76
141,113,306.73
141,115,309.4
141,116,304.86
141,117,308.29
141,119,308.8
141,120,305.29
141,121,304.28
141,122,308.67
141,123,306.64
141,130,309.15
141,132,303.34
141,134,304.52
141,136,309.99
141,138,301.59
141,139,304.81
141,140,309.02
141,141,350.37
141,142,404.61
141,143,438.46
141,144,464.68
141,145,458.47
141,146,450.86
141,147,446.65
141,148,463.57
141,149,463.47
142,150,450.97
142,149,460.61
142,148,468.9
142,147,459.86
142,146,452.95
142,145,467.82
142,144,451.85
142,143,453.43
142,142,451.85
142,141,413.63
142,140,346.5
142,139,308.0
142,138,302.41
142,136,301.12
142,135,308.2
142,134,300.81
142,133,301.43
142,131,303.36
142,130,306.46
142,129,300.21
142,128,301.6
142,127,301.69
142,126,300.06
142,125,300.34
142,123,303.58
142,122,307.61
142,120,302.21
142,118,301.15
142,117,302.93
142,115,307.1
142,114,310.15
142,112,304.96
142,111,300.2
142,108,312.27
142,107,303.33
142,106,303.66
142,105,317.22
142,104,314.95
142,103,310.22
142,91,575.84
142,90,542.48
142,89,511.12
142,88,481.09
142,87,454.04
142,86,429.22
142,85,407.31
142,84,387.81
142,80,392.31
142,56,313.01
142,55,308.71
142,54,325.75
142,53,306.96
142,52,306.43
142,51,310.66
143,51,308.88
143,52,305.93
143,53,357.24
143,54,426.2
143,55,399.42
143,56,378.05
143,57,360.74
143,58,347.0
143,59,335.62
143,60,326.51
143,61,319.2
143,62,313.26
143,63,309.07
143,64,305.73
143,65,303.03
143,66,300.73
143,70,320.06
143,71,314.89
143,92,312.09
143,93,311.1
143,94,301.47
143,95,303.87
143,96,302.17
143,97,313.03
143,98,304.16
143,99,306.46
143,100,300.89
143,102,304.63
143,103,300.91
143,105,304.67
143,106,309.72
143,108,307.0
143,113,300.63
143,114,300.72
143,116,301.86
143,117,302.2
143,118,306.86
143,124,302.66
143,128,300.97
143,140,303.29
143,141,366.27
143,142,416.77
143,143,447.65
143,144,466.75
143,145,475.23
143,146,470.37
143,147,473.81
143,148,484.36
143,149,463.54
144,150,464.62
144,149,472.38
144,148,477.41
144,147,473.73
144,146,474.38
144,145,476.75
144,144,473.61
144,143,456.37
144,142,456.13
144,141,413.17
144,140,359.21
144,112,310.28
144,106,300.88
144,104,302.74
144,103,308.29
144,90,568.46
144,89,537.05
144,88,505.4
144,87,476.26
144,86,449.68
144,85,425.63
144,84,403.57
144,83,384.66
144,56,315.65
144,55,312.78
144,54,374.13
144,53,386.64
144,52,304.09
144,51,313.47
145,50,307.07
145,51,309.21
145,52,309.59
145,97,300.83
145,100,300.42
145,105,300.81
145,111,303.5
145,112,307.95
145,114,307.22
145,115,312.17
145,116,306.28
145,117,302.37
145,118,305.24
145,120,304.84
145,121,303.72
145,122,300.16
145,123,302.35
145,126,302.41
145,127,311.26
145,128,313.85
145,129,310.01
145,131,303.02
145,134,306.99
145,135,308.98
145,136,300.2
145,137,302.76
145,138,309.81
145,139,306.23
145,140,309.18
145,141,346.55
145,142,401.27
145,143,429.49
145,144,435.15
145,145,439.01
145,146,448.9
145,147,435.02
145,148,449.32
145,149,450.34
146,150,443.86
146,149,449.44
146,148,445.56
146,147,447.72
146,146,439.51
146,145,442.77
146,144,442.79
146,143,443.12
146,142,421.35
146,141,402.9
146,140,342.17
146,139,311.02
146,138,311.13
146,137,307.05
146,135,302.05
146,133,301.99
146,132,303.2
146,131,309.54
146,130,307.82
146,129,310.74
146,128,303.51
146,127,302.77
146,126,304.92
146,124,303.98
146,123,302.76
146,122,301.58
146,120,303.54
146,114,301.97
146,113,302.0
146,111,304.82
146,110,305.29
146,108,301.88
146,107,306.96
146,106,306.73
146,105,310.19
146,104,308.37
146,103,310.96
146,102,309.26
146,90,581.16
146,89,547.44
146,88,516.97
146,87,487.73
146,86,456.98
146,85,434.11
146,84,412.98
146,83,393.75
146,82,376.16
146,60,312.05
146,59,306.77
146,58,319.4
146,57,314.69
146,56,317.37
146,55,309.23
146,54,312.55
146,53,300.37
146,52,377.75
146,51,300.64
147,52,501.77
147,53,455.58
147,54,425.98
147,55,401.59
147,56,381.02
147,57,363.23
147,58,348.86
147,59,337.54
147,60,328.52
147,61,321.72
147,62,316.25
147,63,311.39
147,64,307.68
147,65,330.26
147,66,452.11
147,67,360.72
147,68,336.95
147,69,309.61
147,70,311.3
147,90,315.78
147,91,305.41
147,92,309.1
147,93,305.45
147,94,304.96
147,96,305.78
147,97,314.35
147,98,307.17
147,99,306.84
147,100,306.28
147,101,306.25
147,102,307.72
147,104,308.03
147,105,303.06
147,106,309.64
147,107,314.56
147,108,305.27
147,109,311.67
147,110,308.78
147,111,302.6
147,112,304.57
147,113,307.51
147,114,302.59
147,115,309.87
147,116,303.72
147,119,303.55
147,120,302.73
147,121,304.43
147,122,302.94
147,123,309.15
147,124,304.32
147,125,303.57
147,126,304.65
147,127,306.85
147,128,308.67
147,129,302.09
147,130,309.19
147,131,307.19
147,132,305.88
147,133,302.93
147,134,309.5
147,135,308.65
147,136,305.19
147,137,300.03
147,138,304.4
147,139,308.88
147,140,312.66
147,141,360.43
147,142,392.91
147,143,420.55
147,144,449.08
147,145,451.81
147,146,449.84
147,147,459.52
147,148,458.21
147,149,462.63
148,150,462.94
148,149,452.23
148,148,587.86
148,147,586.14
148,146,450.67
148,145,578.42
148,144,576.15
148,143,567.09
148,142,566.23
148,141,556.16
148,140,344.59
148,139,310.08
148,138,308.08
148,137,302.18
148,136,305.8
148,134,303.37
148,133,303.83
148,132,308.23
148,130,301.56
148,129,300.77
148,128,303.27
148,127,309.24
148,125,302.13
148,124,304.26
148,123,306.12
148,122,304.65
148,121,301.87
148,119,300.34
148,116,302.04
148,114,305.52
148,112,304.87
148,111,302.71
148,110,303.34
148,108,306.77
148,107,310.36
148,106,300.3
148,104,309.42
148,103,310.62
148,89,583.37
148,88,551.64
148,87,521.13
148,86,491.12
148,85,463.71
148,84,438.3
148,83,414.9
148,82,395.82
148,81,377.04
148,56,309.96
148,53,301.43
148,51,301.32
149,50,304.23
149,51,306.69
149,65,331.82
149,66,446.87
149,98,317.79
149,99,311.54
149,100,316.72
149,101,316.38
149,102,311.98
149,103,307.12
149,104,305.32
149,105,307.87
149,106,313.35
149,107,306.47
149,108,313.49
149,109,308.67
149,110,306.28
149,111,316.66
149,112,304.47
149,113,305.13
149,115,306.35
149,116,308.53
149,117,303.72
149,118,300.9
149,119,301.4
149,121,304.1
149,122,302.83
149,123,304.72
149,125,306.3
149,126,300.82
149,127,305.15
149,128,300.32
149,129,302.19
149,130,309.99
149,131,303.28
149,133,300.54
149,135,306.11
149,137,303.73
149,138,302.52
149,139,303.84
149,140,310.88
149,141,366.17
149,142,421.75
149,143,440.54
149,144,451.68
149,145,461.63
149,146,442.51
149,147,458.97
149,148,461.31
149,149,465.87
150,150,453.43
150,149,451.34
150,148,450.88
150,147,447.54
150,146,449.75
150,145,457.92
150,144,453.18
150,143,444.96
150,142,442.99
150,141,409.45
150,140,346.83
150,139,301.79
150,138,307.6
150,137,303.07
150,134,301.26
150,133,300.52
150,132,304.38
150,131,301.59
150,123,303.48
150,121,301.66
150,114,305.45
150,106,302.9
150,105,302.31
150,104,303.77
150,102,307.65
150,101,307.89
150,89,576.1
150,88,544.21
150,87,513.34
150,86,482.84
150,85,455.95
150,84,430.92
150,83,408.66
150,82,388.73
150,81,371.97
150,80,357.57
150,68,318.52
150,67,311.87
150,66,313.81
150,65,304.06
150,64,310.7
150,63,310.31
150,62,312.02
150,61,310.84
150,60,313.54
150,59,307.3
150,58,306.87
150,57,306.08
150,56,303.24
151,65,365.63
151,68,316.93
151,69,306.7
151,70,321.2
151,94,307.59
151,95,310.92
151,96,312.14
151,97,319.07
151,98,302.56
151,99,309.57
151,100,313.88
151,101,310.04
151,102,315.79
151,103,307.03
151,104,309.94
151,105,311.29
151,106,305.38
151,107,306.66
151,108,304.2
151,109,304.5
151,110,310.83
151,111,305.86
151,112,303.66
151,113,306.09
151,114,304.32
151,115,305.27
151,117,306.11
151,118,301.96
151,119,303.73
151,120,310.74
151,122,305.85
151,123,301.42
151,124,302.51
151,125,301.98
151,126,305.16
151,129,303.01
151,131,300.7
151,134,308.4
151,137,300.18
151,147,461.32
151,148,456.26
151,149,457.43
152,150,446.8
152,149,446.6
152,148,455.66
152,147,453.68
152,146,468.13
152,145,458.43
152,144,452.46
152,143,445.93
152,142,438.75
152,141,406.51
152,140,355.02
152,139,308.77
152,138,305.0
152,137,303.03
152,136,301.41
152,135,304.31
152,133,300.81
152,132,306.07
152,130,300.83
152,128,305.8
152,127,304.76
152,126,307.6
152,125,307.39
152,124,306.71
152,123,300.59
152,122,304.68
152,121,304.45
152,120,304.5
152,119,301.41
152,118,300.56
152,117,300.34
152,115,304.19
152,112,304.24
152,110,303.98
152,109,301.98
152,108,304.35
152,107,310.05
152,106,302.08
152,105,307.18
152,104,300.09
152,103,305.35
152,102,307.02
152,101,302.12
152,89,575.36
152,88,542.48
152,87,511.24
152,86,481.59
152,85,454.43
152,84,429.86
152,83,407.45
152,82,387.66
152,81,370.68
152,80,356.01
152,79,345.02
152,72,318.8
152,71,318.79
152,70,320.3
152,69,306.21
152,68,300.59
152,67,305.03
152,66,303.12
153,64,302.93
153,66,304.29
153,68,316.32
153,108,507.88
153,112,322.7
153,113,321.75
153,114,325.16
153,115,321.24
153,116,319.17
153,117,318.15
153,118,307.99
153,119,313.05
153,120,305.7
153,121,301.84
153,122,306.4
153,123,311.81
153,124,304.8
153,125,309.68
153,127,307.83
153,128,304.23
153,129,301.13
153,130,300.22
153,131,305.69
153,134,304.73
153,136,301.89
153,137,300.45
153,138,301.57
153,139,300.57
153,140,322.07
153,141,372.97
153,142,417.23
153,143,427.02
153,144,461.98
153,145,456.05
153,146,455.0
153,147,458.66
153,148,459.19
153,149,460.05
154,150,463.46
154,149,475.43
154,148,457.83
154,147,463.67
154,146,471.68
154,145,459.27
154,144,457.81
154,143,453.76
154,142,437.5
154,141,405.5
154,140,365.02
154,139,317.06
154,138,301.11
154,136,308.65
154,130,302.92
154,128,304.89
154,127,301.94
154,124,300.07
154,122,300.58
154,121,304.5
154,120,302.43
154,119,306.86
154,118,300.39
154,115,302.2
154,114,302.2
154,113,304.98
154,112,302.18
154,110,306.34
154,109,305.84
154,108,302.87
154,106,304.87
154,105,308.09
154,103,311.99
154,102,304.6
154,101,308.66
154,99,315.86
154,92,590.01
154,91,555.37
154,90,523.0
154,89,491.94
154,88,462.29
154,87,435.75
154,86,412.67
154,85,392.55
154,84,374.91
154,83,359.97
154,82,346.87
154,81,336.36
154,80,327.56
154,79,320.09
154,78,314.7
154,71,411.17
154,70,481.02
154,65,310.78
154,61,315.64
154,60,314.33
154,59,313.18
154,58,312.1
154,57,314.53
154,56,308.21
154,55,312.42
154,54,307.43
154,53,309.87
154,52,308.57
154,51,310.05
155,50,304.04
155,51,389.5
155,52,368.69
155,53,352.68
155,54,338.91
155,55,328.2
155,56,320.06
155,57,313.94
155,58,309.54
155,59,305.57
155,60,302.85
155,61,300.57
155,63,319.27
155,64,308.24
155,65,319.8
155,66,315.62
155,86,584.07
155,88,596.58
155,114,317.8
155,115,315.07
155,116,324.95
155,117,317.41
155,118,312.23
155,119,312.93
155,120,311.02
155,121,309.43
155,122,303.54
155,123,304.94
155,124,307.6
155,125,306.15
155,127,301.88
155,130,301.45
155,131,301.36
155,133,301.79
155,138,303.75
155,140,324.96
155,141,370.71
155,142,415.44
155,143,436.94
155,144,436.29
155,145,461.25
155,146,444.52
155,147,444.71
155,148,445.39
155,149,452.02
156,150,452.33
156,149,461.31
156,148,449.75
156,147,459.51
156,146,448.25
156,145,452.34
156,144,459.81
156,143,453.77
156,142,443.27
156,141,429.29
156,140,366.08
156,139,329.73
156,137,300.97
156,136,301.13
156,135,301.53
156,134,300.79
156,133,307.47
156,131,304.32
156,129,306.93
156,127,301.71
156,125,306.8
156,124,300.32
156,123,306.64
156,122,305.79
156,120,302.61
156,118,302.74
156,117,301.29
156,116,307.98
156,115,301.58
156,114,305.93
156,112,303.79
156,111,302.85
156,107,307.91
156,106,305.64
156,105,308.87
156,104,309.03
156,103,311.73
156,102,312.6
156,101,311.34
156,100,311.34
156,99,312.86
156,98,316.73
156,97,300.5
156,96,363.67
156,90,592.45
156,89,558.25
156,88,526.45
156,87,495.9
156,86,467.22
156,85,440.71
156,84,417.55
156,83,396.98
156,82,378.86
156,81,362.92
156,80,349.62
156,79,338.53
156,78,329.8
156,77,322.59
156,72,583.48
156,71,585.81
156,70,580.8
157,92,594.66
157,122,305.58
157,123,309.15
157,124,308.67
157,125,305.75
157,126,304.02
158,70,563.32
158,69,566.22
158,51,430.91
159,50,586.17
159,51,544.25
159,52,508.15
159,53,474.84
159,54,445.94
159,55,420.56
159,56,398.01
159,57,378.42
159,58,363.19
159,59,349.2
159,60,337.75
159,129,305.96
160,65,576.22
160,52,593.83
161,50,597.74
161,51,563.4
161,52,530.46
161,53,499.66
161,54,470.8
161,55,444.31
161,56,420.82
161,57,400.13
161,58,382.45
161,59,366.83
161,60,355.4
161,94,312.87
161,95,309.3
161,96,304.66
161,97,306.58
161,98,316.78
161,99,301.77
161,102,307.91
161,114,303.81
161,116,305.36
161,117,312.24
161,118,302.33
161,119,303.85
161,120,301.47
161,121,313.44
162,105,307.4
162,60,598.84
162,57,573.14
163,50,581.72
163,51,543.47
163,52,508.98
163,53,477.17
163,54,449.02
163,55,424.21
163,56,402.17
163,57,382.11
163,58,368.33
163,59,354.46
163,60,434.54
163,89,444.03
163,111,308.99
163,112,310.73
163,114,311.95
163,115,303.56
163,116,304.56
163,117,303.58
163,118,309.6
163,119,303.67
163,120,307.28
163,121,303.77
163,122,310.51
163,124,303.64
163,126,309.98
163,129,304.41
163,136,303.05
163,137,310.34
163,138,313.77
163,139,303.41
163,140,360.04
163,141,391.24
163,142,423.52
163,143,436.19
163,144,436.61
163,145,443.45
163,146,454.26
163,147,457.99
163,148,472.26
163,149,462.44
164,150,467.46
164,149,472.39
164,148,458.46
164,147,469.25
164,146,469.29
164,145,458.59
164,144,469.05
164,143,458.94
164,142,464.01
164,141,437.14
164,140,409.12
164,139,359.99
164,118,302.01
164,116,301.33
164,111,302.45
164,103,301.61
164,102,307.57
164,101,308.38
164,100,302.31
164,89,581.75
164,88,548.96
164,87,523.33
164,86,494.85
164,85,467.45
164,84,442.09
164,83,419.12
164,82,398.5
164,81,381.2
164,80,365.97
164,79,352.48
164,78,341.47
164,77,332.89
164,76,326.19
164,75,319.92
164,74,314.98
164,73,312.34
164,62,555.49
164,61,525.01
164,60,549.6
164,59,516.63
164,58,536.02
164,57,502.74
164,56,472.88
164,55,445.83
164,54,420.86
164,53,399.95
164,52,381.11
164,51,362.85
165,50,341.18
165,51,330.63
165,52,323.39
165,53,318.16
165,54,313.36
165,55,309.04
165,56,308.64
165,57,313.35
165,58,316.97
165,97,570.08
165,140,427.66
165,141,461.43
165,142,485.73
165,143,505.5
165,144,508.36
165,145,510.5
165,146,524.45
165,147,519.58
165,148,523.59
165,149,521.78
166,150,522.03
166,149,520.64
166,148,521.37
166,147,529.25
166,146,469.12
166,145,463.69
166,144,460.44
166,143,459.12
166,142,450.45
166,141,430.2
166,140,404.99
166,139,355.61
166,132,304.31
166,127,301.93
166,124,301.62
166,120,302.05
166,119,302.76
166,117,303.62
166,88,598.01
166,87,565.57
166,86,535.01
166,85,505.5
166,84,477.12
166,83,450.78
166,82,427.62
166,81,406.48
166,80,388.01
166,79,371.74
166,78,357.55
166,77,346.18
166,76,336.68
166,75,328.99
166,74,322.53
166,73,317.8
166,60,554.43
166,59,561.12
166,58,537.07
166,57,506.58
166,56,476.07
166,55,448.97
166,54,425.2
166,53,404.59
166,52,385.61
166,51,369.85
167,50,355.59
167,51,344.57
167,52,335.98
167,53,327.51
167,54,320.18
167,55,318.29
167,56,314.57
167,57,316.25
167,58,313.25
167,139,317.52
167,140,435.48
167,141,469.65
167,142,490.05
167,143,501.11
167,144,504.25
167,145,509.93
167,146,522.39
167,147,521.43
167,148,521.52
167,149,526.33
168,150,517.46
168,149,528.35
168,148,523.95
168,147,522.88
168,146,522.49
168,145,515.9
168,144,510.15
168,143,506.37
168,142,505.69
168,141,486.11
168,140,475.15
168,139,433.0
168,138,316.84
168,87,580.27
168,86,547.88
168,85,517.45
168,84,488.05
168,83,461.28
168,82,437.01
168,81,415.28
168,80,395.65
168,79,378.01
168,78,363.3
168,77,350.67
168,76,340.08
168,75,331.91
168,74,325.28
168,73,320.05
168,72,315.03
168,61,573.98
168,60,597.8
168,59,562.88
168,58,531.15
168,57,500.86
168,56,472.07
168,55,445.48
168,54,422.25
168,53,402.46
168,52,382.96
168,51,367.71
169,50,354.94
169,51,343.34
169,52,335.49
169,53,324.93
169,54,322.54
169,55,323.02
169,56,319.0
169,57,315.24
169,139,340.38
169,140,432.21
169,141,446.97
169,142,499.77
169,143,506.72
169,144,509.9
169,145,513.14
169,146,513.83
169,147,517.73
169,148,523.07
169,149,526.49
170,150,529.84
170,149,524.69
170,148,528.96
170,147,525.23
170,146,524.53
170,145,524.69
170,144,515.66
170,143,505.41
170,142,506.23
170,141,486.43
170,140,483.5
170,139,445.94
170,138,343.24
170,86,574.78
170,85,543.38
170,84,512.84
170,83,484.01
170,82,458.16
170,81,434.01
170,80,411.91
170,79,392.45
170,78,375.44
170,77,361.08
170,76,348.18
170,75,338.01
170,74,329.64
170,73,323.48
170,72,319.05
170,71,317.67
170,62,558.26
170,61,534.63
170,60,579.16
170,59,545.9
170,58,514.79
170,57,485.15
170,56,457.73
170,55,433.18
170,54,411.58
170,53,392.74
170,52,375.66
170,51,360.82
171,50,339.51
171,51,330.75
171,52,323.0
171,53,317.12
171,54,322.58
171,55,323.5
171,56,319.37
171,57,395.64
171,139,391.74
171,140,461.46
171,141,474.79
171,142,494.17
171,143,495.24
171,144,507.89
171,145,518.82
171,146,511.05
171,147,517.59
171,148,513.88
171,149,529.98
172,150,522.32
172,149,524.63
172,148,521.27
172,147,519.62
172,146,512.98
172,145,520.51
172,144,516.25
172,143,515.08
172,142,502.15
172,141,498.07
172,140,481.57
172,139,446.96
172,138,413.25
172,86,573.62
172,85,542.33
172,84,512.72
172,83,483.97
172,82,458.07
172,81,434.23
172,80,412.7
172,79,393.81
172,78,376.86
172,77,362.33
172,76,350.0
172,75,340.16
172,74,331.84
172,73,324.79
172,72,319.43
172,71,575.63
172,60,570.6
172,59,538.62
172,58,507.7
172,57,477.61
172,56,450.24
172,55,426.49
172,54,404.29
172,53,384.95
172,52,368.38
172,51,354.18
173,50,342.27
173,51,332.69
173,52,325.58
173,53,319.38
173,54,326.07
173,138,441.72
173,139,532.94
173,140,542.02
173,141,546.56
173,142,551.56
173,143,557.6
173,144,558.55
173,145,575.51
173,146,575.4
173,147,582.57
173,148,579.2
173,149,587.51
174,150,585.58
174,149,585.67
174,148,585.47
174,147,589.25
174,146,585.51
174,145,586.71
174,144,578.4
174,143,564.81
174,142,555.76
174,141,552.03
174,140,531.5
174,139,515.53
174,138,476.45
174,137,413.7
174,112,503.7
174,86,576.25
174,85,544.7
174,84,515.2
174,83,486.41
174,82,459.68
174,81,435.85
174,80,413.97
174,79,394.95
174,78,377.54
174,77,362.59
174,76,349.88
174,75,340.02
174,74,332.15
174,73,325.49
174,72,320.39
174,71,316.18
174,70,315.3
175,137,386.24
175,138,504.08
175,139,525.6
175,140,536.9
175,141,540.51
175,142,554.07
175,143,514.51
175,144,566.83
175,145,563.06
175,146,534.23
175,147,535.69
175,148,529.59
175,149,528.13
176,150,526.92
176,149,541.14
176,148,528.05
176,147,526.35
176,146,520.3
176,145,527.86
176,144,517.43
176,143,516.98
176,142,522.61
176,141,524.38
176,140,537.17
176,139,527.56
176,138,506.46
176,137,444.52
176,83,573.06
176,82,541.78
176,81,511.97
176,80,483.33
176,79,457.13
176,78,433.6
176,77,412.31
176,76,393.0
176,75,376.12
176,74,362.02
176,73,350.5
176,72,341.03
176,71,335.37
176,55,584.59
176,54,550.66
176,53,518.28
176,52,487.06
176,51,459.43
177,50,433.93
177,51,412.36
177,52,393.41
177,57,582.52
177,138,514.47
177,139,526.91
177,140,533.52
177,141,539.26
177,142,547.72
177,143,553.48
177,144,562.56
177,145,568.01
177,146,571.85
177,147,580.35
177,148,590.06
177,149,558.41
178,150,537.17
178,149,538.0
178,148,535.54
178,147,534.25
178,146,579.84
178,145,577.01
178,144,571.48
178,143,524.1
178,142,494.04
178,141,485.46
178,140,543.4
178,139,480.79
178,138,465.28
178,137,396.61
178,136,300.56
178,83,593.95
178,82,558.75
178,81,526.25
178,80,495.67
178,79,466.91
178,78,441.8
178,77,419.02
178,76,399.46
178,75,383.86
179,137,479.45
179,138,517.86
179,139,524.57
179,140,533.35
179,141,540.54
179,142,546.99
179,143,552.66
179,144,561.84
179,145,563.38
179,146,572.51
179,147,579.42
179,148,582.05
179,149,586.79
